+00000	+21436	+21327	+21344	+21351	+21337	+21288	+21352	+21358	+00024	
+00001	+21434	+21327	+21344	+21351	+21336	+21290	+21352	+21357	+00024	
+00002	+21435	+21326	+21346	+21353	+21335	+21288	+21352	+21357	+00024	
+00003	+21435	+21326	+21344	+21353	+21338	+21287	+21351	+21356	+00024	
+00004	+21435	+21327	+21345	+21351	+21336	+21291	+21352	+21358	+00024	
+00005	+21437	+21326	+21344	+21351	+21337	+21289	+21353	+21357	+00024	
+00006	+21435	+21328	+21345	+21352	+21335	+21289	+21353	+21358	+00024	
+00007	+21434	+21325	+21345	+21351	+21336	+21289	+21352	+21357	+00024	
+00008	+21435	+21326	+21342	+21350	+21337	+21289	+21352	+21357	+00024	
+00009	+21435	+21328	+21345	+21353	+21337	+21291	+21352	+21358	+00024	
+00010	+21436	+21327	+21346	+21351	+21337	+21288	+21352	+21358	+00024	
+00011	+21436	+21327	+21345	+21352	+21338	+21290	+21352	+21357	+00024	
+00012	+21433	+21327	+21344	+21350	+21337	+21289	+21352	+21357	+00024	
+00013	+21435	+21327	+21344	+21352	+21337	+21291	+21352	+21358	+00024	
+00014	+21435	+21325	+21344	+21351	+21336	+21289	+21350	+21357	+00024	
+00015	+21437	+21327	+21345	+21351	+21336	+21291	+21353	+21357	+00024	
+00016	+21435	+21324	+21344	+21352	+21336	+21288	+21351	+21356	+00024	
+00017	+21435	+21327	+21345	+21351	+21337	+21289	+21352	+21358	+00024	
+00018	+21434	+21328	+21346	+21352	+21336	+21289	+21350	+21358	+00024	
+00019	+21435	+21328	+21344	+21351	+21336	+21289	+21350	+21357	+00024	
+00020	+21436	+21326	+21345	+21353	+21337	+21290	+21351	+21359	+00024	
+00021	+21436	+21326	+21344	+21351	+21335	+21289	+21350	+21358	+00024	
+00022	+21436	+21328	+21344	+21351	+21336	+21290	+21352	+21358	+00024	
+00023	+21434	+21327	+21344	+21351	+21336	+21289	+21351	+21356	+00024	
+00024	+21436	+21328	+21344	+21353	+21338	+21291	+21353	+21357	+00024	
+00025	+21435	+21327	+21344	+21351	+21336	+21289	+21352	+21357	+00024	
+00026	+21435	+21329	+21345	+21352	+21337	+21290	+21354	+21358	+00024	
+00027	+21436	+21328	+21345	+21352	+21336	+21290	+21352	+21358	+00024	
+00028	+21435	+21326	+21345	+21353	+21337	+21289	+21351	+21358	+00024	
+00029	+21435	+21328	+21346	+21353	+21336	+21291	+21351	+21356	+00024	
+00030	+21436	+21326	+21343	+21352	+21336	+21288	+21350	+21358	+00024	
+00031	+21436	+21327	+21344	+21353	+21337	+21290	+21352	+21358	+00024	
+00032	+21435	+21327	+21342	+21350	+21336	+21289	+21350	+21356	+00024	
+00033	+21435	+21327	+21346	+21352	+21339	+21291	+21351	+21358	+00025	
+00034	+21434	+21326	+21344	+21350	+21335	+21288	+21352	+21356	+00024	
+00035	+21436	+21327	+21345	+21352	+21338	+21290	+21352	+21360	+00024	
+00036	+21434	+21327	+21344	+21350	+21337	+21289	+21351	+21358	+00024	
+00037	+21434	+21327	+21344	+21351	+21336	+21290	+21350	+21359	+00024	
+00038	+21434	+21327	+21345	+21352	+21336	+21290	+21351	+21357	+00024	
+00039	+21434	+21327	+21345	+21350	+21337	+21289	+21352	+21356	+00024	
+00040	+21435	+21326	+21344	+21353	+21337	+21290	+21352	+21359	+00024	
+00041	+21436	+21327	+21344	+21351	+21335	+21290	+21353	+21358	+00024	
+00042	+21435	+21328	+21345	+21353	+21337	+21290	+21353	+21359	+00024	
+00043	+21433	+21328	+21343	+21351	+21336	+21289	+21350	+21357	+00025	
+00044	+21437	+21327	+21346	+21353	+21337	+21289	+21353	+21358	+00024	
+00045	+21434	+21328	+21344	+21351	+21336	+21290	+21351	+21357	+00024	
+00046	+21436	+21326	+21344	+21351	+21337	+21290	+21352	+21359	+00025	
+00047	+21435	+21327	+21344	+21352	+21336	+21288	+21351	+21356	+00024	
+00048	+21435	+21328	+21343	+21352	+21335	+21290	+21352	+21357	+00024	
+00049	+21435	+21327	+21345	+21351	+21338	+21289	+21351	+21356	+00024	
+00050	+21432	+21327	+21344	+21352	+21336	+21289	+21351	+21358	+00024	
+00051	+21437	+21326	+21343	+21353	+21337	+21290	+21351	+21358	+00024	
+00052	+21434	+21328	+21342	+21349	+21336	+21289	+21352	+21356	+00024	
+00053	+21435	+21326	+21344	+21353	+21337	+21289	+21353	+21358	+00024	
+00054	+21434	+21328	+21344	+21351	+21336	+21289	+21353	+21357	+00024	
+00055	+21435	+21327	+21344	+21354	+21339	+21290	+21353	+21357	+00024	
+00056	+21433	+21329	+21343	+21352	+21337	+21288	+21350	+21357	+00024	
+00057	+21434	+21328	+21343	+21353	+21337	+21290	+21351	+21358	+00024	
+00058	+21436	+21328	+21345	+21352	+21337	+21290	+21353	+21357	+00024	
+00059	+21433	+21326	+21344	+21351	+21337	+21289	+21352	+21357	+00024	
+00060	+21434	+21326	+21345	+21353	+21334	+21289	+21353	+21359	+00024	
+00061	+21435	+21328	+21343	+21350	+21336	+21287	+21351	+21357	+00025	
+00062	+21435	+21327	+21345	+21353	+21337	+21291	+21353	+21358	+00025	
+00063	+21434	+21327	+21343	+21351	+21337	+21290	+21351	+21358	+00025	
+00064	+21437	+21327	+21345	+21353	+21339	+21291	+21353	+21358	+00024	
+00065	+21434	+21325	+21344	+21351	+21335	+21289	+21350	+21358	+00024	
+00066	+21437	+21328	+21344	+21352	+21338	+21290	+21351	+21358	+00024	
+00067	+21434	+21327	+21345	+21351	+21335	+21290	+21353	+21359	+00024	
+00068	+21434	+21327	+21344	+21351	+21337	+21289	+21352	+21357	+00024	
+00069	+21434	+21328	+21344	+21351	+21336	+21289	+21351	+21356	+00024	
+00070	+21436	+21327	+21344	+21353	+21336	+21289	+21349	+21358	+00024	
+00071	+21436	+21327	+21345	+21353	+21336	+21291	+21351	+21358	+00024	
+00072	+21434	+21326	+21343	+21351	+21336	+21291	+21350	+21358	+00024	
+00073	+21435	+21329	+21346	+21354	+21338	+21290	+21352	+21358	+00024	
+00074	+21435	+21328	+21344	+21351	+21336	+21288	+21351	+21356	+00024	
+00075	+21436	+21328	+21345	+21352	+21337	+21290	+21352	+21358	+00024	
+00076	+21434	+21325	+21344	+21351	+21337	+21288	+21352	+21358	+00025	
+00077	+21435	+21328	+21345	+21354	+21338	+21289	+21351	+21357	+00024	
+00078	+21435	+21329	+21345	+21352	+21335	+21289	+21352	+21358	+00025	
+00079	+21435	+21327	+21345	+21352	+21337	+21289	+21352	+21358	+00024	
+00080	+21434	+21326	+21345	+21353	+21337	+21290	+21353	+21357	+00024	
+00081	+21434	+21328	+21344	+21352	+21336	+21289	+21350	+21356	+00024	
+00082	+21434	+21329	+21344	+21354	+21338	+21292	+21352	+21357	+00024	
+00083	+21434	+21326	+21344	+21352	+21337	+21288	+21351	+21356	+00024	
+00084	+21436	+21330	+21345	+21353	+21338	+21290	+21352	+21360	+00024	
+00085	+21432	+21327	+21344	+21351	+21337	+21287	+21350	+21357	+00024	
+00086	+21435	+21330	+21344	+21353	+21337	+21289	+21352	+21358	+00024	
+00087	+21435	+21328	+21344	+21352	+21336	+21288	+21351	+21358	+00024	
+00088	+21434	+21326	+21342	+21353	+21335	+21289	+21351	+21357	+00025	
+00089	+21436	+21327	+21344	+21351	+21335	+21291	+21351	+21358	+00024	
+00090	+21435	+21328	+21344	+21352	+21338	+21290	+21351	+21357	+00024	
+00091	+21438	+21327	+21345	+21351	+21337	+21290	+21351	+21357	+00024	
+00092	+21434	+21327	+21343	+21351	+21336	+21289	+21350	+21356	+00025	
+00093	+21436	+21327	+21344	+21354	+21337	+21290	+21353	+21359	+00025	
+00094	+21434	+21328	+21343	+21350	+21336	+21289	+21351	+21357	+00025	
+00095	+21437	+21326	+21344	+21354	+21338	+21291	+21351	+21359	+00025	
+00096	+21434	+21326	+21345	+21352	+21336	+21290	+21350	+21358	+00024	
+00097	+21435	+21326	+21345	+21352	+21338	+21289	+21352	+21357	+00024	
+00098	+21433	+21328	+21344	+21353	+21337	+21290	+21352	+21357	+00024	
+00099	+21434	+21327	+21343	+21351	+21337	+21289	+21350	+21359	+00024	
+00100	+21435	+21327	+21344	+21353	+21336	+21290	+21353	+21359	+00025	
+00101	+21435	+21328	+21343	+21351	+21335	+21289	+21352	+21357	+00025	
+00102	+21436	+21328	+21344	+21353	+21338	+21290	+21353	+21360	+00024	
+00103	+21435	+21327	+21343	+21350	+21335	+21291	+21351	+21357	+00024	
+00104	+21436	+21328	+21344	+21354	+21337	+21290	+21351	+21359	+00024	
+00105	+21435	+21328	+21343	+21351	+21336	+21288	+21351	+21356	+00024	
+00106	+21435	+21327	+21344	+21352	+21337	+21291	+21350	+21358	+00024	
+00107	+21435	+21326	+21344	+21352	+21336	+21289	+21351	+21359	+00024	
+00108	+21434	+21328	+21344	+21353	+21336	+21288	+21353	+21357	+00024	
+00109	+21435	+21326	+21344	+21352	+21336	+21290	+21351	+21358	+00024	
+00110	+21434	+21325	+21342	+21351	+21338	+21288	+21350	+21358	+00024	
+00111	+21436	+21327	+21345	+21351	+21337	+21290	+21353	+21360	+00025	
+00112	+21433	+21327	+21344	+21352	+21336	+21288	+21351	+21358	+00024	
+00113	+21435	+21327	+21344	+21352	+21338	+21290	+21354	+21359	+00024	
+00114	+21433	+21325	+21343	+21352	+21336	+21287	+21350	+21357	+00024	
+00115	+21437	+21329	+21346	+21352	+21336	+21289	+21352	+21358	+00024	
+00116	+21435	+21327	+21343	+21351	+21336	+21289	+21350	+21357	+00024	
+00117	+21436	+21328	+21344	+21352	+21337	+21290	+21352	+21359	+00024	
+00118	+21436	+21327	+21343	+21352	+21336	+21291	+21351	+21358	+00024	
+00119	+21434	+21327	+21343	+21351	+21336	+21289	+21351	+21358	+00024	
+00120	+21438	+21328	+21345	+21352	+21337	+21289	+21351	+21359	+00024	
+00121	+21435	+21328	+21344	+21350	+21337	+21290	+21351	+21356	+00024	
+00122	+21436	+21328	+21344	+21353	+21337	+21290	+21351	+21356	+00024	
+00123	+21436	+21327	+21343	+21353	+21336	+21288	+21351	+21357	+00024	
+00124	+21437	+21327	+21345	+21353	+21338	+21290	+21352	+21359	+00025	
+00125	+21433	+21329	+21344	+21352	+21336	+21288	+21350	+21357	+00024	
+00126	+21435	+21327	+21343	+21352	+21337	+21290	+21352	+21358	+00024	
+00127	+21433	+21327	+21343	+21353	+21336	+21289	+21350	+21356	+00024	
+00128	+21435	+21330	+21346	+21351	+21338	+21290	+21352	+21359	+00024	
+00129	+21436	+21327	+21343	+21351	+21336	+21289	+21351	+21357	+00024	
+00130	+21435	+21326	+21343	+21353	+21336	+21288	+21350	+21357	+00024	
+00131	+21436	+21328	+21346	+21352	+21335	+21289	+21351	+21358	+00024	
+00132	+21434	+21326	+21343	+21350	+21337	+21288	+21350	+21356	+00025	
+00133	+21436	+21328	+21344	+21353	+21336	+21291	+21353	+21358	+00024	
+00134	+21435	+21326	+21345	+21351	+21337	+21289	+21352	+21357	+00024	
+00135	+21435	+21328	+21345	+21353	+21337	+21290	+21351	+21358	+00024	
+00136	+21435	+21326	+21344	+21352	+21337	+21290	+21352	+21356	+00024	
+00137	+21436	+21326	+21342	+21352	+21337	+21289	+21352	+21358	+00024	
+00138	+21436	+21327	+21343	+21353	+21336	+21289	+21351	+21358	+00024	
+00139	+21436	+21329	+21344	+21350	+21337	+21289	+21349	+21358	+00024	
+00140	+21434	+21326	+21347	+21352	+21336	+21289	+21352	+21358	+00024	
+00141	+21434	+21327	+21343	+21350	+21336	+21290	+21352	+21357	+00024	
+00142	+21435	+21326	+21346	+21352	+21339	+21290	+21352	+21358	+00024	
+00143	+21435	+21326	+21345	+21352	+21336	+21290	+21351	+21358	+00024	
+00144	+21436	+21328	+21345	+21352	+21337	+21290	+21353	+21357	+00024	
+00145	+21433	+21325	+21344	+21351	+21336	+21288	+21350	+21358	+00025	
+00146	+21436	+21327	+21345	+21352	+21337	+21290	+21352	+21359	+00024	
+00147	+21435	+21325	+21345	+21351	+21337	+21288	+21352	+21357	+00024	
+00148	+21434	+21328	+21345	+21351	+21338	+21290	+21351	+21358	+00025	
+00149	+21435	+21328	+21347	+21353	+21336	+21289	+21353	+21356	+00024	
+00150	+21434	+21325	+21344	+21353	+21337	+21290	+21351	+21357	+00025	
+00151	+21435	+21327	+21344	+21351	+21337	+21290	+21352	+21357	+00024	
+00152	+21435	+21328	+21343	+21351	+21337	+21290	+21351	+21358	+00025	
+00153	+21435	+21329	+21343	+21351	+21337	+21290	+21353	+21357	+00024	
+00154	+21434	+21328	+21345	+21350	+21337	+21289	+21349	+21357	+00024	
+00155	+21434	+21329	+21345	+21354	+21337	+21292	+21353	+21358	+00025	
+00156	+21434	+21327	+21344	+21351	+21335	+21291	+21352	+21357	+00025	
+00157	+21436	+21328	+21344	+21353	+21336	+21289	+21352	+21358	+00025	
+00158	+21436	+21328	+21342	+21351	+21335	+21290	+21351	+21358	+00025	
+00159	+21436	+21328	+21344	+21351	+21337	+21290	+21351	+21358	+00024	
+00160	+21435	+21327	+21343	+21353	+21336	+21290	+21351	+21359	+00025	
+00161	+21433	+21327	+21343	+21352	+21336	+21290	+21351	+21357	+00024	
+00162	+21438	+21327	+21344	+21353	+21338	+21289	+21352	+21357	+00025	
+00163	+21434	+21326	+21344	+21351	+21338	+21288	+21351	+21358	+00024	
+00164	+21436	+21326	+21345	+21352	+21336	+21289	+21352	+21359	+00025	
+00165	+21434	+21328	+21343	+21351	+21335	+21288	+21350	+21357	+00025	
+00166	+21434	+21327	+21344	+21353	+21336	+21288	+21352	+21358	+00025	
+00167	+21435	+21326	+21343	+21352	+21336	+21289	+21351	+21357	+00024	
+00168	+21434	+21326	+21345	+21350	+21336	+21290	+21354	+21358	+00024	
+00169	+21434	+21326	+21344	+21351	+21335	+21289	+21352	+21357	+00025	
+00170	+21435	+21328	+21342	+21350	+21338	+21291	+21350	+21358	+00025	
+00171	+21434	+21328	+21344	+21352	+21338	+21290	+21351	+21357	+00024	
+00172	+21434	+21327	+21343	+21351	+21337	+21289	+21350	+21358	+00025	
+00173	+21435	+21329	+21345	+21354	+21337	+21291	+21352	+21358	+00024	
+00174	+21433	+21328	+21344	+21351	+21335	+21290	+21352	+21356	+00024	
+00175	+21436	+21326	+21346	+21354	+21338	+21292	+21354	+21358	+00024	
+00176	+21433	+21326	+21342	+21351	+21337	+21289	+21350	+21357	+00024	
+00177	+21437	+21329	+21344	+21351	+21336	+21289	+21352	+21356	+00024	
+00178	+21435	+21327	+21344	+21353	+21336	+21291	+21352	+21359	+00025	
+00179	+21435	+21330	+21344	+21352	+21337	+21290	+21352	+21358	+00024	
+00180	+21435	+21327	+21344	+21353	+21337	+21290	+21350	+21358	+00025	
+00181	+21435	+21326	+21344	+21350	+21336	+21290	+21352	+21356	+00025	
+00182	+21435	+21329	+21343	+21353	+21338	+21290	+21350	+21358	+00028	
+00183	+21435	+21326	+21343	+21352	+21336	+21290	+21350	+21358	+00025	
+00184	+21436	+21328	+21345	+21353	+21338	+21291	+21352	+21358	+00025	
+00185	+21432	+21326	+21344	+21352	+21336	+21289	+21351	+21357	+00025	
+00186	+21437	+21328	+21345	+21352	+21338	+21290	+21353	+21358	+00024	
+00187	+21434	+21327	+21345	+21352	+21337	+21287	+21351	+21357	+00025	
+00188	+21435	+21328	+21344	+21351	+21338	+21288	+21352	+21359	+00025	
+00189	+21436	+21328	+21343	+21351	+21337	+21290	+21351	+21358	+00025	
+00190	+21435	+21327	+21343	+21352	+21335	+21289	+21351	+21357	+00024	
+00191	+21437	+21327	+21345	+21352	+21338	+21290	+21352	+21358	+00025	
+00192	+21436	+21326	+21345	+21350	+21337	+21289	+21350	+21357	+00024	
+00193	+21436	+21328	+21347	+21352	+21336	+21289	+21351	+21357	+00024	
+00194	+21435	+21328	+21345	+21353	+21337	+21289	+21349	+21356	+00025	
+00195	+21435	+21329	+21345	+21352	+21337	+21291	+21353	+21359	+00024	
+00196	+21434	+21326	+21344	+21352	+21337	+21292	+21350	+21357	+00025	
+00197	+21434	+21327	+21344	+21351	+21339	+21289	+21353	+21359	+00025	
+00198	+21435	+21327	+21345	+21351	+21337	+21290	+21351	+21357	+00025	
+00199	+21437	+21329	+21344	+21353	+21338	+21290	+21351	+21357	+00025	
+00200	+21435	+21328	+21345	+21353	+21337	+21290	+21352	+21357	+00025	
+00201	+21434	+21328	+21344	+21351	+21336	+21290	+21351	+21358	+00025	
+00202	+21435	+21328	+21346	+21352	+21338	+21290	+21351	+21359	+00025	
+00203	+21433	+21326	+21342	+21351	+21338	+21287	+21351	+21357	+00025	
+00204	+21435	+21328	+21344	+21351	+21336	+21290	+21353	+21358	+00025	
+00205	+21435	+21327	+21345	+21351	+21337	+21290	+21352	+21358	+00024	
+00206	+21436	+21328	+21344	+21353	+21338	+21289	+21350	+21358	+00025	
+00207	+21434	+21327	+21344	+21351	+21336	+21288	+21350	+21356	+00024	
+00208	+21434	+21327	+21345	+21352	+21337	+21289	+21351	+21356	+00025	
+00209	+21436	+21327	+21345	+21352	+21335	+21291	+21351	+21357	+00025	
+00210	+21435	+21328	+21343	+21350	+21336	+21290	+21352	+21360	+00024	
+00211	+21436	+21328	+21346	+21353	+21337	+21290	+21352	+21358	+00024	
+00212	+21434	+21327	+21343	+21352	+21337	+21288	+21350	+21357	+00024	
+00213	+21436	+21327	+21345	+21353	+21339	+21291	+21352	+21360	+00024	
+00214	+21435	+21326	+21342	+21351	+21336	+21290	+21351	+21356	+00024	
+00215	+21436	+21329	+21346	+21352	+21338	+21290	+21351	+21358	+00024	
+00216	+21436	+21326	+21345	+21352	+21335	+21289	+21351	+21357	+00024	
+00217	+21436	+21330	+21344	+21351	+21338	+21290	+21352	+21358	+00024	
+00218	+21435	+21326	+21344	+21351	+21336	+21289	+21351	+21357	+00024	
+00219	+21435	+21328	+21345	+21352	+21337	+21290	+21352	+21359	+00025	
+00220	+21434	+21329	+21345	+21353	+21337	+21290	+21352	+21358	+00024	
+00221	+21435	+21326	+21344	+21351	+21336	+21288	+21350	+21357	+00024	
+00222	+21435	+21327	+21346	+21352	+21337	+21289	+21353	+21360	+00024	
+00223	+21434	+21326	+21344	+21350	+21337	+21289	+21351	+21357	+00025	
+00224	+21436	+21329	+21345	+21352	+21337	+21289	+21353	+21358	+00025	
+00225	+21435	+21328	+21345	+21351	+21336	+21290	+21352	+21355	+00024	
+00226	+21436	+21327	+21345	+21352	+21337	+21290	+21352	+21358	+00024	
+00227	+21434	+21326	+21344	+21352	+21335	+21288	+21352	+21356	+00025	
+00228	+21436	+21328	+21344	+21352	+21336	+21288	+21352	+21359	+00024	
+00229	+21436	+21326	+21344	+21350	+21335	+21290	+21349	+21360	+00024	
+00230	+21435	+21328	+21344	+21351	+21338	+21290	+21353	+21358	+00024	
+00231	+21436	+21327	+21344	+21353	+21336	+21292	+21352	+21358	+00024	
+00232	+21434	+21327	+21344	+21352	+21338	+21289	+21351	+21357	+00024	
+00233	+21435	+21328	+21347	+21353	+21337	+21291	+21351	+21359	+00024	
+00234	+21436	+21327	+21343	+21353	+21335	+21289	+21350	+21358	+00024	
+00235	+21435	+21327	+21346	+21353	+21337	+21291	+21352	+21359	+00024	
+00236	+21435	+21325	+21343	+21351	+21335	+21289	+21351	+21357	+00025	
+00237	+21437	+21329	+21345	+21351	+21337	+21289	+21351	+21360	+00024	
+00238	+21435	+21327	+21345	+21351	+21337	+21288	+21351	+21357	+00024	
+00239	+21436	+21327	+21343	+21352	+21337	+21290	+21351	+21357	+00025	
+00240	+21435	+21327	+21345	+21353	+21336	+21290	+21351	+21357	+00024	
+00241	+21434	+21328	+21344	+21352	+21338	+21289	+21350	+21358	+00025	
+00242	+21435	+21327	+21345	+21354	+21338	+21290	+21352	+21358	+00024	
+00243	+21433	+21326	+21342	+21351	+21336	+21289	+21351	+21356	+00025	
+00244	+21436	+21328	+21345	+21351	+21338	+21290	+21353	+21358	+00024	
+00245	+21433	+21327	+21344	+21351	+21336	+21291	+21350	+21357	+00024	
+00246	+21434	+21328	+21345	+21352	+21339	+21291	+21351	+21358	+00024	
+00247	+21433	+21327	+21344	+21353	+21337	+21289	+21351	+21357	+00024	
+00248	+21436	+21328	+21344	+21351	+21337	+21290	+21351	+21359	+00024	
+00249	+21435	+21326	+21344	+21352	+21335	+21288	+21352	+21358	+00024	
+00250	+21436	+21329	+21344	+21351	+21336	+21288	+21352	+21356	+00024	
+00251	+21436	+21326	+21344	+21354	+21339	+21290	+21352	+21358	+00024	
+00252	+21434	+21327	+21345	+21353	+21336	+21288	+21350	+21356	+00024	
+00253	+21436	+21327	+21344	+21353	+21338	+21291	+21352	+21359	+00024	
+00254	+21435	+21326	+21344	+21352	+21336	+21288	+21351	+21355	+00024	
+00255	+21436	+21329	+21346	+21352	+21336	+21291	+21353	+21361	+00024	
+00256	+21435	+21325	+21344	+21350	+21336	+21289	+21351	+21356	+00024	
+00257	+21435	+21328	+21344	+21353	+21338	+21291	+21352	+21359	+00024	
+00258	+21434	+21327	+21343	+21351	+21336	+21290	+21351	+21358	+00024	
+00259	+21434	+21329	+21345	+21352	+21337	+21290	+21352	+21358	+00025	
+00260	+21437	+21327	+21345	+21352	+21338	+21289	+21351	+21357	+00024	
+00261	+21436	+21326	+21344	+21352	+21337	+21289	+21351	+21358	+00024	
+00262	+21435	+21329	+21346	+21352	+21336	+21289	+21352	+21358	+00024	
+00263	+21434	+21324	+21344	+21353	+21335	+21289	+21350	+21357	+00024	
+00264	+21436	+21328	+21346	+21353	+21337	+21289	+21352	+21358	+00024	
+00265	+21435	+21327	+21344	+21350	+21337	+21288	+21351	+21356	+00024	
+00266	+21436	+21329	+21345	+21350	+21337	+21289	+21353	+21358	+00024	
+00267	+21434	+21328	+21345	+21352	+21335	+21289	+21351	+21356	+00024	
+00268	+21435	+21327	+21346	+21352	+21338	+21289	+21352	+21358	+00025	
+00269	+21435	+21328	+21345	+21352	+21337	+21289	+21350	+21358	+00024	
+00270	+21434	+21328	+21344	+21352	+21339	+21288	+21352	+21358	+00025	
+00271	+21436	+21327	+21343	+21353	+21336	+21291	+21353	+21359	+00024	
+00272	+21434	+21326	+21343	+21351	+21336	+21288	+21351	+21357	+00025	
+00273	+21436	+21330	+21345	+21353	+21337	+21291	+21353	+21358	+00025	
+00274	+21434	+21326	+21342	+21352	+21336	+21288	+21350	+21357	+00025	
+00275	+21435	+21328	+21347	+21352	+21337	+21290	+21352	+21359	+00024	
+00276	+21435	+21327	+21345	+21351	+21335	+21290	+21352	+21358	+00024	
+00277	+21436	+21326	+21345	+21352	+21337	+21289	+21351	+21359	+00024	
+00278	+21435	+21326	+21345	+21350	+21335	+21290	+21352	+21358	+00024	
+00279	+21433	+21329	+21343	+21352	+21337	+21290	+21352	+21357	+00025	
+00280	+21435	+21327	+21346	+21353	+21337	+21291	+21354	+21356	+00024	
+00281	+21436	+21326	+21344	+21352	+21336	+21289	+21350	+21358	+00024	
+00282	+21437	+21328	+21345	+21353	+21338	+21290	+21353	+21358	+00025	
+00283	+21436	+21327	+21343	+21350	+21335	+21288	+21350	+21358	+00025	
+00284	+21436	+21329	+21344	+21352	+21335	+21290	+21351	+21358	+00024	
+00285	+21434	+21326	+21344	+21351	+21334	+21289	+21349	+21355	+00024	
+00286	+21437	+21328	+21344	+21352	+21338	+21291	+21351	+21359	+00024	
+00287	+21434	+21326	+21344	+21350	+21337	+21290	+21350	+21356	+00024	
+00288	+21433	+21327	+21344	+21353	+21337	+21289	+21352	+21358	+00024	
+00289	+21436	+21327	+21345	+21352	+21337	+21290	+21351	+21358	+00024	
+00290	+21433	+21327	+21345	+21352	+21337	+21291	+21351	+21355	+00024	
+00291	+21436	+21327	+21346	+21352	+21338	+21291	+21352	+21357	+00024	
+00292	+21435	+21326	+21344	+21350	+21337	+21288	+21350	+21358	+00025	
+00293	+21435	+21328	+21345	+21352	+21337	+21290	+21353	+21360	+00025	
+00294	+21434	+21325	+21344	+21351	+21336	+21290	+21351	+21357	+00025	
+00295	+21436	+21327	+21343	+21353	+21338	+21291	+21351	+21358	+00025	
+00296	+21433	+21326	+21345	+21352	+21336	+21289	+21351	+21356	+00024	
+00297	+21436	+21327	+21343	+21350	+21337	+21289	+21352	+21357	+00024	
+00298	+21434	+21326	+21344	+21351	+21337	+21290	+21351	+21357	+00025	
+00299	+21437	+21327	+21344	+21352	+21339	+21289	+21351	+21358	+00025	
+00300	+21435	+21328	+21345	+21352	+21337	+21290	+21352	+21357	+00024	
+00301	+21434	+21327	+21344	+21351	+21336	+21288	+21351	+21356	+00025	
+00302	+21435	+21327	+21345	+21352	+21336	+21290	+21354	+21357	+00025	
+00303	+21433	+21327	+21344	+21351	+21337	+21290	+21351	+21357	+00025	
+00304	+21436	+21328	+21344	+21352	+21336	+21291	+21353	+21359	+00025	
+00305	+21435	+21325	+21343	+21352	+21336	+21289	+21351	+21360	+00025	
+00306	+21435	+21326	+21344	+21352	+21337	+21290	+21352	+21357	+00025	
+00307	+21435	+21325	+21345	+21351	+21335	+21288	+21351	+21357	+00025	
+00308	+21434	+21328	+21345	+21352	+21336	+21291	+21352	+21357	+00025	
+00309	+21435	+21327	+21345	+21351	+21337	+21291	+21353	+21357	+00024	
+00310	+21435	+21326	+21344	+21351	+21337	+21291	+21351	+21358	+00025	
+00311	+21435	+21327	+21346	+21352	+21338	+21289	+21351	+21357	+00025	
+00312	+21435	+21327	+21345	+21351	+21336	+21290	+21350	+21358	+00024	
+00313	+21437	+21327	+21345	+21354	+21338	+21290	+21353	+21357	+00024	
+00314	+21434	+21328	+21343	+21351	+21336	+21289	+21351	+21359	+00025	
+00315	+21434	+21328	+21345	+21353	+21339	+21289	+21351	+21358	+00025	
+00316	+21436	+21325	+21343	+21353	+21337	+21288	+21350	+21358	+00025	
+00317	+21435	+21327	+21343	+21352	+21336	+21289	+21352	+21358	+00024	
+00318	+21433	+21328	+21344	+21353	+21338	+21290	+21352	+21358	+00024	
+00319	+21436	+21327	+21343	+21351	+21336	+21289	+21352	+21358	+00024	
+00320	+21436	+21328	+21345	+21354	+21337	+21290	+21352	+21359	+00025	
+00321	+21434	+21328	+21345	+21351	+21338	+21289	+21350	+21356	+00024	
+00322	+21436	+21328	+21345	+21352	+21336	+21291	+21352	+21358	+00025	
+00323	+21434	+21325	+21343	+21353	+21335	+21291	+21350	+21356	+00024	
+00324	+21434	+21328	+21344	+21352	+21335	+21292	+21353	+21359	+00025	
+00325	+21434	+21327	+21345	+21351	+21339	+21288	+21351	+21356	+00024	
+00326	+21436	+21329	+21345	+21354	+21336	+21290	+21353	+21358	+00025	
+00327	+21435	+21325	+21344	+21352	+21335	+21290	+21352	+21357	+00025	
+00328	+21435	+21328	+21343	+21352	+21337	+21290	+21351	+21356	+00025	
+00329	+21437	+21327	+21344	+21353	+21337	+21290	+21352	+21358	+00025	
+00330	+21435	+21326	+21344	+21352	+21338	+21289	+21353	+21357	+00025	
+00331	+21435	+21328	+21346	+21354	+21336	+21290	+21352	+21357	+00025	
+00332	+21434	+21327	+21342	+21352	+21335	+21288	+21351	+21355	+00025	
+00333	+21436	+21328	+21345	+21351	+21338	+21289	+21351	+21357	+00024	
+00334	+21435	+21324	+21343	+21351	+21337	+21289	+21351	+21358	+00025	
+00335	+21434	+21327	+21344	+21352	+21338	+21289	+21351	+21359	+00024	
+00336	+21434	+21327	+21344	+21352	+21336	+21287	+21351	+21358	+00025	
+00337	+21435	+21327	+21345	+21352	+21337	+21291	+21354	+21358	+00024	
+00338	+21436	+21326	+21343	+21353	+21337	+21289	+21352	+21359	+00024	
+00339	+21435	+21327	+21344	+21352	+21338	+21290	+21351	+21357	+00024	
+00340	+21436	+21326	+21344	+21350	+21337	+21291	+21352	+21358	+00025	
+00341	+21435	+21327	+21344	+21352	+21337	+21290	+21350	+21358	+00024	
+00342	+21435	+21329	+21345	+21353	+21336	+21290	+21352	+21359	+00024	
+00343	+21434	+21327	+21343	+21351	+21337	+21288	+21350	+21357	+00024	
+00344	+21438	+21326	+21345	+21353	+21338	+21290	+21352	+21357	+00024	
+00345	+21434	+21326	+21344	+21353	+21338	+21289	+21351	+21357	+00025	
+00346	+21434	+21327	+21344	+21353	+21337	+21291	+21353	+21357	+00024	
+00347	+21435	+21327	+21345	+21351	+21337	+21290	+21351	+21356	+00024	
+00348	+21435	+21327	+21344	+21352	+21337	+21291	+21352	+21358	+00025	
+00349	+21435	+21327	+21344	+21352	+21337	+21289	+21352	+21358	+00024	
+00350	+21434	+21326	+21344	+21351	+21338	+21289	+21352	+21358	+00025	
+00351	+21436	+21327	+21345	+21353	+21337	+21287	+21354	+21358	+00024	
+00352	+21433	+21327	+21343	+21352	+21334	+21287	+21350	+21357	+00024	
+00353	+21435	+21328	+21345	+21353	+21336	+21291	+21351	+21358	+00024	
+00354	+21433	+21328	+21344	+21351	+21335	+21289	+21351	+21356	+00024	
+00355	+21435	+21328	+21346	+21352	+21338	+21290	+21353	+21359	+00024	
+00356	+21436	+21328	+21346	+21351	+21336	+21291	+21351	+21356	+00024	
+00357	+21437	+21328	+21344	+21352	+21337	+21289	+21352	+21358	+00024	
+00358	+21435	+21327	+21345	+21353	+21335	+21290	+21352	+21358	+00024	
+00359	+21434	+21329	+21344	+21351	+21336	+21290	+21351	+21356	+00024	
+00360	+21436	+21327	+21345	+21352	+21338	+21290	+21352	+21358	+00024	
+00361	+21434	+21328	+21342	+21351	+21338	+21289	+21351	+21358	+00025	
+00362	+21436	+21326	+21343	+21353	+21336	+21290	+21351	+21358	+00025	
+00363	+21433	+21327	+21344	+21353	+21336	+21287	+21351	+21356	+00024	
+00364	+21435	+21328	+21346	+21353	+21336	+21291	+21352	+21358	+00025	
+00365	+21435	+21326	+21344	+21352	+21338	+21289	+21351	+21356	+00024	
+00366	+21435	+21330	+21344	+21351	+21338	+21288	+21351	+21357	+00024	
+00367	+21436	+21327	+21343	+21351	+21336	+21289	+21351	+21358	+00024	
+00368	+21435	+21328	+21343	+21353	+21336	+21288	+21351	+21356	+00025	
+00369	+21436	+21327	+21346	+21353	+21335	+21290	+21351	+21358	+00024	
+00370	+21434	+21327	+21344	+21352	+21337	+21289	+21350	+21358	+00024	
+00371	+21436	+21327	+21345	+21353	+21336	+21290	+21351	+21360	+00024	
+00372	+21434	+21326	+21343	+21352	+21336	+21290	+21350	+21358	+00025	
+00373	+21436	+21327	+21345	+21352	+21338	+21290	+21351	+21357	+00024	
+00374	+21435	+21328	+21343	+21350	+21336	+21288	+21351	+21356	+00025	
+00375	+21435	+21328	+21344	+21352	+21337	+21290	+21351	+21359	+00024	
+00376	+21434	+21327	+21344	+21352	+21337	+21289	+21351	+21357	+00024	
+00377	+21435	+21328	+21344	+21352	+21336	+21290	+21351	+21357	+00024	
+00378	+21436	+21327	+21345	+21352	+21336	+21290	+21353	+21358	+00024	
+00379	+21435	+21326	+21344	+21351	+21337	+21291	+21351	+21357	+00024	
+00380	+21435	+21328	+21345	+21353	+21336	+21292	+21353	+21358	+00024	
+00381	+21434	+21327	+21344	+21350	+21335	+21288	+21351	+21357	+00024	
+00382	+21436	+21329	+21344	+21351	+21337	+21289	+21352	+21358	+00025	
+00383	+21434	+21328	+21344	+21352	+21335	+21289	+21351	+21357	+00024	
+00384	+21436	+21327	+21345	+21352	+21337	+21289	+21352	+21358	+00024	
+00385	+21436	+21329	+21342	+21352	+21336	+21289	+21351	+21357	+00024	
+00386	+21434	+21329	+21343	+21350	+21336	+21290	+21352	+21358	+00024	
+00387	+21435	+21327	+21346	+21352	+21336	+21291	+21352	+21357	+00024	
+00388	+21434	+21327	+21343	+21352	+21337	+21288	+21351	+21358	+00025	
+00389	+21436	+21327	+21345	+21354	+21337	+21291	+21354	+21358	+00025	
+00390	+21432	+21327	+21342	+21350	+21336	+21289	+21351	+21355	+00025	
+00391	+21435	+21327	+21345	+21353	+21338	+21291	+21351	+21359	+00025	
+00392	+21434	+21325	+21345	+21351	+21336	+21289	+21350	+21358	+00024	
+00393	+21436	+21328	+21346	+21353	+21338	+21289	+21352	+21358	+00024	
+00394	+21433	+21327	+21345	+21354	+21336	+21289	+21351	+21357	+00024	
+00395	+21436	+21330	+21344	+21352	+21338	+21290	+21352	+21359	+00025	
+00396	+21432	+21325	+21345	+21353	+21337	+21289	+21351	+21357	+00025	
+00397	+21434	+21326	+21345	+21351	+21337	+21288	+21351	+21357	+00024	
+00398	+21436	+21327	+21344	+21353	+21337	+21289	+21351	+21358	+00025	
+00399	+21434	+21328	+21342	+21352	+21336	+21289	+21351	+21356	+00025	
+00400	+21436	+21326	+21346	+21353	+21338	+21290	+21352	+21359	+00024	
+00401	+21434	+21327	+21343	+21352	+21336	+21289	+21350	+21357	+00025	
+00402	+21435	+21329	+21346	+21352	+21338	+21290	+21352	+21357	+00025	
+00403	+21435	+21325	+21344	+21350	+21335	+21289	+21351	+21358	+00025	
+00404	+21435	+21328	+21346	+21352	+21337	+21289	+21352	+21357	+00024	
+00405	+21435	+21328	+21344	+21353	+21336	+21288	+21352	+21357	+00024	
+00406	+21435	+21327	+21343	+21353	+21338	+21289	+21354	+21357	+00024	
+00407	+21436	+21327	+21346	+21352	+21335	+21290	+21352	+21358	+00025	
+00408	+21435	+21328	+21344	+21351	+21338	+21290	+21351	+21358	+00025	
+00409	+21436	+21327	+21345	+21352	+21337	+21290	+21351	+21357	+00024	
+00410	+21434	+21326	+21343	+21352	+21336	+21289	+21352	+21357	+00025	
+00411	+21435	+21328	+21347	+21353	+21338	+21291	+21353	+21357	+00024	
+00412	+21436	+21327	+21343	+21352	+21337	+21289	+21352	+21358	+00024	
+00413	+21436	+21328	+21346	+21352	+21338	+21293	+21352	+21357	+00025	
+00414	+21436	+21327	+21343	+21353	+21335	+21290	+21352	+21357	+00024	
+00415	+21435	+21328	+21343	+21353	+21336	+21290	+21351	+21357	+00025	
+00416	+21436	+21328	+21345	+21350	+21336	+21290	+21352	+21357	+00025	
+00417	+21434	+21328	+21344	+21353	+21336	+21289	+21352	+21358	+00024	
+00418	+21436	+21328	+21346	+21352	+21337	+21291	+21352	+21358	+00025	
+00419	+21434	+21329	+21344	+21351	+21336	+21289	+21351	+21357	+00025	
+00420	+21435	+21327	+21345	+21351	+21337	+21290	+21351	+21359	+00025	
+00421	+21435	+21329	+21344	+21350	+21336	+21288	+21350	+21357	+00025	
+00422	+21435	+21327	+21345	+21352	+21336	+21291	+21352	+21358	+00025	
+00423	+21435	+21326	+21343	+21352	+21338	+21287	+21350	+21356	+00024	
+00424	+21435	+21329	+21344	+21352	+21338	+21290	+21352	+21357	+00024	
+00425	+21436	+21327	+21344	+21352	+21337	+21288	+21351	+21356	+00024	
+00426	+21436	+21327	+21343	+21351	+21335	+21289	+21352	+21359	+00024	
+00427	+21435	+21328	+21344	+21352	+21336	+21291	+21352	+21358	+00024	
+00428	+21436	+21329	+21344	+21353	+21336	+21290	+21350	+21358	+00024	
+00429	+21435	+21327	+21345	+21354	+21337	+21290	+21351	+21357	+00025	
+00430	+21435	+21326	+21344	+21352	+21337	+21289	+21350	+21357	+00024	
+00431	+21437	+21327	+21345	+21352	+21338	+21288	+21353	+21359	+00024	
+00432	+21435	+21328	+21344	+21351	+21336	+21290	+21351	+21356	+00024	
+00433	+21436	+21329	+21346	+21353	+21336	+21291	+21352	+21358	+00024	
+00434	+21436	+21326	+21344	+21352	+21337	+21289	+21351	+21356	+00025	
+00435	+21434	+21329	+21343	+21352	+21338	+21289	+21351	+21359	+00024	
+00436	+21435	+21327	+21344	+21353	+21337	+21290	+21351	+21359	+00024	
+00437	+21436	+21330	+21344	+21351	+21337	+21289	+21352	+21356	+00024	
+00438	+21437	+21325	+21344	+21352	+21337	+21289	+21352	+21358	+00024	
+00439	+21434	+21325	+21344	+21351	+21338	+21291	+21351	+21359	+00025	
+00440	+21436	+21329	+21344	+21352	+21337	+21291	+21353	+21358	+00024	
+00441	+21436	+21327	+21345	+21351	+21336	+21290	+21352	+21358	+00024	
+00442	+21436	+21329	+21345	+21353	+21338	+21292	+21351	+21357	+00024	
+00443	+21433	+21326	+21344	+21351	+21337	+21287	+21352	+21357	+00024	
+00444	+21435	+21327	+21345	+21351	+21339	+21289	+21353	+21358	+00024	
+00445	+21434	+21326	+21343	+21353	+21336	+21290	+21351	+21357	+00024	
+00446	+21434	+21328	+21342	+21353	+21338	+21289	+21351	+21358	+00024	
+00447	+21436	+21328	+21345	+21353	+21338	+21290	+21352	+21358	+00024	
+00448	+21433	+21326	+21346	+21350	+21337	+21288	+21349	+21358	+00024	
+00449	+21437	+21327	+21345	+21353	+21336	+21290	+21352	+21358	+00024	
+00450	+21436	+21327	+21345	+21352	+21337	+21289	+21350	+21358	+00025	
+00451	+21435	+21326	+21345	+21353	+21338	+21289	+21352	+21358	+00024	
+00452	+21434	+21328	+21343	+21352	+21337	+21290	+21350	+21355	+00025	
+00453	+21435	+21328	+21344	+21352	+21337	+21290	+21352	+21358	+00024	
+00454	+21435	+21328	+21343	+21351	+21335	+21289	+21350	+21355	+00025	
+00455	+21435	+21326	+21343	+21352	+21337	+21291	+21351	+21359	+00025	
+00456	+21434	+21327	+21346	+21352	+21337	+21290	+21351	+21356	+00025	
+00457	+21436	+21327	+21343	+21351	+21336	+21289	+21351	+21358	+00024	
+00458	+21434	+21327	+21346	+21352	+21337	+21291	+21352	+21358	+00024	
+00459	+21435	+21325	+21344	+21350	+21338	+21289	+21351	+21357	+00024	
+00460	+21436	+21329	+21346	+21352	+21336	+21289	+21352	+21357	+00025	
+00461	+21436	+21326	+21344	+21352	+21337	+21289	+21349	+21357	+00025	
+00462	+21436	+21328	+21345	+21352	+21340	+21290	+21351	+21358	+00025	
+00463	+21437	+21326	+21344	+21352	+21335	+21289	+21351	+21356	+00025	
+00464	+21434	+21328	+21342	+21353	+21338	+21290	+21352	+21357	+00025	
+00465	+21435	+21326	+21344	+21352	+21337	+21289	+21352	+21355	+00025	
+00466	+21435	+21328	+21345	+21352	+21337	+21290	+21349	+21359	+00025	
+00467	+21435	+21328	+21344	+21353	+21338	+21291	+21352	+21359	+00024	
+00468	+21435	+21327	+21344	+21352	+21337	+21289	+21351	+21357	+00025	
+00469	+21436	+21326	+21346	+21352	+21337	+21290	+21354	+21359	+00024	
+00470	+21433	+21327	+21345	+21351	+21337	+21292	+21352	+21358	+00024	
+00471	+21437	+21326	+21345	+21352	+21339	+21291	+21352	+21357	+00025	
+00472	+21436	+21329	+21343	+21351	+21337	+21288	+21350	+21355	+00024	
+00473	+21437	+21327	+21343	+21352	+21338	+21289	+21354	+21358	+00024	
+00474	+21436	+21326	+21343	+21352	+21336	+21292	+21352	+21356	+00025	
+00475	+21435	+21328	+21344	+21352	+21337	+21289	+21352	+21359	+00025	
+00476	+21435	+21327	+21344	+21352	+21336	+21291	+21351	+21357	+00024	
+00477	+21436	+21327	+21342	+21352	+21336	+21288	+21351	+21358	+00024	
+00478	+21435	+21327	+21346	+21353	+21337	+21290	+21352	+21359	+00025	
+00479	+21435	+21327	+21345	+21351	+21335	+21289	+21351	+21358	+00025	
+00480	+21435	+21328	+21344	+21353	+21337	+21290	+21353	+21359	+00024	
+00481	+21434	+21328	+21344	+21352	+21335	+21289	+21350	+21358	+00024	
+00482	+21436	+21329	+21344	+21351	+21339	+21291	+21352	+21358	+00024	
+00483	+21436	+21328	+21345	+21352	+21338	+21290	+21352	+21358	+00025	
+00484	+21436	+21327	+21344	+21352	+21336	+21289	+21350	+21357	+00025	
+00485	+21436	+21327	+21343	+21353	+21336	+21291	+21350	+21357	+00025	
+00486	+21434	+21327	+21345	+21350	+21336	+21289	+21352	+21357	+00024	
+00487	+21434	+21329	+21346	+21352	+21336	+21292	+21353	+21359	+00024	
+00488	+21435	+21326	+21343	+21352	+21336	+21290	+21350	+21356	+00025	
+00489	+21435	+21327	+21345	+21352	+21337	+21291	+21353	+21358	+00025	
+00490	+21435	+21326	+21344	+21351	+21337	+21289	+21352	+21358	+00024	
+00491	+21435	+21329	+21343	+21352	+21336	+21292	+21353	+21357	+00024	
+00492	+21434	+21328	+21343	+21353	+21335	+21290	+21351	+21357	+00025	
+00493	+21435	+21326	+21345	+21351	+21338	+21290	+21352	+21356	+00025	
+00494	+21436	+21326	+21345	+21352	+21338	+21290	+21352	+21358	+00025	
+00495	+21434	+21327	+21344	+21351	+21337	+21289	+21351	+21358	+00025	
+00496	+21435	+21328	+21344	+21353	+21339	+21291	+21352	+21358	+00025	
+00497	+21434	+21327	+21344	+21350	+21337	+21289	+21350	+21357	+00024	
+00498	+21436	+21329	+21346	+21351	+21338	+21290	+21353	+21359	+00025	
+00499	+21435	+21326	+21344	+21350	+21337	+21288	+21353	+21358	+00025	
+00500	+21436	+21326	+21344	+21352	+21338	+21291	+21352	+21358	+00024	
+00501	+21434	+21326	+21343	+21352	+21337	+21289	+21351	+21356	+00024	
+00502	+21436	+21328	+21344	+21352	+21338	+21289	+21353	+21360	+00025	
+00503	+21435	+21329	+21345	+21352	+21336	+21291	+21353	+21358	+00024	
+00504	+21433	+21327	+21344	+21350	+21337	+21290	+21352	+21356	+00024	
+00505	+21436	+21328	+21343	+21352	+21338	+21288	+21351	+21358	+00025	
+00506	+21433	+21327	+21342	+21351	+21337	+21290	+21350	+21357	+00024	
+00507	+21437	+21327	+21346	+21354	+21337	+21291	+21352	+21358	+00024	
+00508	+21434	+21326	+21343	+21352	+21335	+21289	+21351	+21357	+00025	
+00509	+21436	+21329	+21345	+21352	+21338	+21289	+21353	+21358	+00024	
+00510	+21438	+21327	+21344	+21352	+21336	+21287	+21351	+21357	+00025	
+00511	+21434	+21328	+21344	+21352	+21337	+21288	+21352	+21357	+00025	
+00512	+21435	+21327	+21344	+21352	+21338	+21290	+21351	+21358	+00025	
+00513	+21437	+21327	+21344	+21350	+21336	+21290	+21353	+21357	+00025	
+00514	+21434	+21326	+21344	+21352	+21338	+21289	+21352	+21358	+00024	
+00515	+21434	+21329	+21343	+21350	+21337	+21290	+21349	+21357	+00025	
+00516	+21434	+21328	+21345	+21353	+21339	+21291	+21353	+21357	+00024	
+00517	+21433	+21327	+21344	+21352	+21337	+21290	+21351	+21357	+00025	
+00518	+21435	+21328	+21347	+21353	+21337	+21290	+21353	+21359	+00025	
+00519	+21436	+21326	+21344	+21352	+21337	+21290	+21352	+21361	+00025	
+00520	+21436	+21328	+21344	+21351	+21337	+21291	+21352	+21358	+00025	
+00521	+21435	+21325	+21344	+21352	+21336	+21290	+21351	+21357	+00024	
+00522	+21434	+21327	+21344	+21353	+21338	+21290	+21351	+21361	+00024	
+00523	+21436	+21329	+21344	+21352	+21337	+21289	+21351	+21358	+00025	
+00524	+21433	+21328	+21345	+21352	+21338	+21290	+21350	+21358	+00025	
+00525	+21435	+21326	+21344	+21353	+21337	+21289	+21352	+21359	+00025	
+00526	+21436	+21326	+21344	+21351	+21336	+21288	+21351	+21357	+00024	
+00527	+21435	+21327	+21346	+21353	+21338	+21289	+21353	+21357	+00025	
+00528	+21434	+21327	+21345	+21352	+21335	+21289	+21351	+21358	+00025	
+00529	+21436	+21326	+21344	+21354	+21338	+21289	+21352	+21358	+00024	
+00530	+21434	+21328	+21344	+21351	+21337	+21288	+21351	+21357	+00025	
+00531	+21436	+21328	+21344	+21353	+21337	+21289	+21353	+21359	+00024	
+00532	+21436	+21326	+21343	+21352	+21337	+21290	+21351	+21356	+00024	
+00533	+21437	+21327	+21344	+21351	+21337	+21288	+21351	+21359	+00025	
+00534	+21436	+21328	+21346	+21352	+21337	+21290	+21351	+21358	+00024	
+00535	+21435	+21329	+21344	+21348	+21335	+21288	+21351	+21357	+00024	
+00536	+21435	+21328	+21346	+21352	+21335	+21291	+21351	+21358	+00025	
+00537	+21434	+21327	+21343	+21351	+21336	+21288	+21349	+21357	+00024	
+00538	+21435	+21328	+21345	+21354	+21337	+21289	+21352	+21359	+00025	
+00539	+21434	+21325	+21345	+21352	+21335	+21289	+21351	+21357	+00025	
+00540	+21435	+21329	+21344	+21352	+21337	+21288	+21351	+21357	+00025	
+00541	+21434	+21326	+21345	+21352	+21336	+21291	+21352	+21359	+00024	
+00542	+21435	+21329	+21343	+21352	+21337	+21287	+21352	+21358	+00025	
+00543	+21435	+21327	+21346	+21353	+21336	+21290	+21351	+21358	+00025	
+00544	+21435	+21329	+21345	+21351	+21337	+21289	+21351	+21358	+00026	
+00545	+21436	+21328	+21345	+21352	+21338	+21290	+21354	+21358	+00025	
+00546	+21434	+21329	+21344	+21350	+21336	+21289	+21351	+21356	+00025	
+00547	+21436	+21327	+21345	+21351	+21338	+21290	+21351	+21358	+00024	
+00548	+21435	+21326	+21343	+21351	+21336	+21289	+21351	+21358	+00025	
+00549	+21436	+21328	+21347	+21352	+21337	+21290	+21352	+21359	+00025	
+00550	+21437	+21325	+21343	+21351	+21336	+21289	+21352	+21358	+00025	
+00551	+21434	+21329	+21344	+21354	+21337	+21290	+21352	+21359	+00025	
+00552	+21436	+21325	+21344	+21352	+21337	+21290	+21352	+21357	+00025	
+00553	+21435	+21328	+21344	+21351	+21337	+21288	+21351	+21358	+00025	
+00554	+21435	+21327	+21344	+21353	+21336	+21289	+21351	+21359	+00025	
+00555	+21434	+21327	+21344	+21352	+21337	+21288	+21349	+21358	+00024	
+00556	+21434	+21329	+21343	+21353	+21338	+21291	+21351	+21359	+00025	
+00557	+21434	+21327	+21344	+21352	+21337	+21290	+21350	+21355	+00024	
+00558	+21437	+21327	+21343	+21351	+21338	+21290	+21352	+21359	+00025	
+00559	+21436	+21325	+21344	+21352	+21336	+21288	+21350	+21357	+00024	
+00560	+21435	+21328	+21343	+21354	+21337	+21290	+21352	+21358	+00024	
+00561	+21435	+21328	+21344	+21352	+21337	+21289	+21351	+21357	+00025	
+00562	+21436	+21327	+21343	+21352	+21336	+21289	+21352	+21358	+00024	
+00563	+21436	+21327	+21344	+21352	+21339	+21291	+21351	+21358	+00024	
+00564	+21432	+21328	+21345	+21352	+21336	+21288	+21352	+21357	+00024	
+00565	+21437	+21327	+21346	+21352	+21337	+21291	+21351	+21359	+00024	
+00566	+21434	+21327	+21343	+21351	+21338	+21290	+21351	+21357	+00024	
+00567	+21436	+21328	+21345	+21352	+21336	+21290	+21352	+21359	+00025	
+00568	+21435	+21326	+21343	+21351	+21337	+21289	+21351	+21357	+00025	
+00569	+21435	+21329	+21344	+21351	+21338	+21289	+21352	+21359	+00025	
+00570	+21434	+21326	+21344	+21352	+21337	+21289	+21352	+21358	+00025	
+00571	+21434	+21329	+21346	+21353	+21336	+21290	+21351	+21358	+00024	
+00572	+21437	+21327	+21345	+21351	+21339	+21290	+21352	+21356	+00024	
+00573	+21434	+21328	+21343	+21353	+21339	+21290	+21353	+21358	+00024	
+00574	+21435	+21326	+21344	+21352	+21338	+21291	+21352	+21359	+00025	
+00575	+21435	+21326	+21343	+21351	+21337	+21290	+21351	+21356	+00025	
+00576	+21436	+21329	+21345	+21353	+21338	+21290	+21351	+21358	+00024	
+00577	+21435	+21327	+21343	+21351	+21338	+21290	+21351	+21356	+00024	
+00578	+21436	+21327	+21344	+21351	+21337	+21291	+21352	+21357	+00025	
+00579	+21437	+21326	+21345	+21352	+21337	+21290	+21350	+21356	+00025	
+00580	+21435	+21328	+21345	+21353	+21337	+21291	+21351	+21357	+00024	
+00581	+21435	+21326	+21344	+21352	+21337	+21289	+21351	+21357	+00024	
+00582	+21435	+21325	+21343	+21352	+21337	+21289	+21352	+21356	+00025	
+00583	+21435	+21328	+21345	+21352	+21339	+21290	+21352	+21357	+00025	
+00584	+21433	+21328	+21344	+21351	+21337	+21289	+21351	+21357	+00024	
+00585	+21435	+21327	+21346	+21351	+21336	+21292	+21352	+21357	+00024	
+00586	+21435	+21325	+21343	+21351	+21336	+21289	+21351	+21357	+00025	
+00587	+21435	+21328	+21345	+21352	+21337	+21291	+21352	+21359	+00025	
+00588	+21434	+21327	+21345	+21352	+21336	+21288	+21351	+21357	+00025	
+00589	+21436	+21329	+21343	+21351	+21337	+21289	+21352	+21358	+00025	
+00590	+21437	+21328	+21342	+21351	+21337	+21289	+21352	+21358	+00025	
+00591	+21434	+21327	+21344	+21350	+21337	+21288	+21350	+21358	+00024	
+00592	+21435	+21327	+21346	+21352	+21337	+21290	+21353	+21356	+00025	
+00593	+21435	+21327	+21344	+21350	+21336	+21289	+21351	+21355	+00025	
+00594	+21436	+21328	+21344	+21353	+21338	+21289	+21352	+21358	+00024	
+00595	+21433	+21326	+21343	+21351	+21335	+21289	+21351	+21358	+00025	
+00596	+21437	+21327	+21344	+21354	+21337	+21290	+21352	+21358	+00025	
+00597	+21436	+21327	+21343	+21351	+21338	+21287	+21351	+21357	+00024	
+00598	+21436	+21327	+21344	+21352	+21338	+21289	+21352	+21358	+00025	
+00599	+21434	+21325	+21345	+21351	+21337	+21290	+21350	+21358	+00024	
+00600	+21434	+21328	+21342	+21351	+21337	+21288	+21350	+21358	+00025	
+00601	+21436	+21328	+21344	+21352	+21339	+21289	+21350	+21358	+00024	
+00602	+21434	+21327	+21344	+21351	+21336	+21289	+21352	+21357	+00024	
+00603	+21437	+21328	+21346	+21353	+21337	+21290	+21353	+21359	+00025	
+00604	+21435	+21327	+21343	+21352	+21335	+21289	+21350	+21357	+00024	
+00605	+21437	+21328	+21345	+21354	+21337	+21290	+21353	+21358	+00025	
+00606	+21435	+21328	+21346	+21352	+21337	+21290	+21351	+21358	+00025	
+00607	+21434	+21328	+21345	+21352	+21337	+21289	+21352	+21358	+00025	
+00608	+21435	+21327	+21345	+21352	+21336	+21291	+21351	+21357	+00024	
+00609	+21433	+21328	+21344	+21352	+21338	+21291	+21350	+21357	+00025	
+00610	+21437	+21327	+21346	+21351	+21338	+21290	+21352	+21358	+00024	
+00611	+21433	+21327	+21343	+21351	+21337	+21289	+21351	+21357	+00024	
+00612	+21437	+21329	+21344	+21353	+21338	+21291	+21351	+21358	+00025	
+00613	+21434	+21328	+21343	+21351	+21337	+21289	+21350	+21357	+00024	
+00614	+21435	+21329	+21343	+21352	+21337	+21291	+21351	+21358	+00025	
+00615	+21435	+21326	+21343	+21351	+21337	+21288	+21350	+21358	+00024	
+00616	+21435	+21328	+21345	+21352	+21337	+21290	+21351	+21358	+00024	
+00617	+21435	+21326	+21344	+21352	+21335	+21290	+21351	+21357	+00025	
+00618	+21433	+21328	+21344	+21352	+21339	+21288	+21354	+21358	+00025	
+00619	+21436	+21329	+21345	+21352	+21336	+21288	+21350	+21358	+00025	
+00620	+21434	+21328	+21342	+21352	+21336	+21289	+21350	+21357	+00024	
+00621	+21435	+21326	+21344	+21352	+21336	+21290	+21352	+21358	+00024	
+00622	+21433	+21327	+21343	+21352	+21336	+21288	+21351	+21357	+00025	
+00623	+21436	+21328	+21345	+21352	+21338	+21290	+21353	+21358	+00024	
+00624	+21434	+21325	+21344	+21351	+21336	+21287	+21351	+21357	+00024	
+00625	+21435	+21327	+21344	+21350	+21338	+21288	+21351	+21357	+00025	
+00626	+21434	+21328	+21345	+21351	+21337	+21290	+21351	+21357	+00024	
+00627	+21434	+21329	+21344	+21353	+21339	+21289	+21353	+21360	+00024	
+00628	+21435	+21327	+21345	+21351	+21337	+21288	+21353	+21357	+00024	
+00629	+21436	+21326	+21346	+21352	+21336	+21289	+21351	+21359	+00024	
+00630	+21436	+21327	+21345	+21352	+21337	+21291	+21351	+21357	+00025	
+00631	+21435	+21327	+21343	+21351	+21337	+21288	+21350	+21357	+00024	
+00632	+21436	+21328	+21346	+21354	+21337	+21290	+21352	+21358	+00024	
+00633	+21433	+21327	+21345	+21350	+21336	+21289	+21352	+21357	+00024	
+00634	+21435	+21327	+21342	+21351	+21339	+21290	+21351	+21358	+00025	
+00635	+21435	+21325	+21345	+21350	+21336	+21289	+21350	+21357	+00024	
+00636	+21434	+21329	+21344	+21352	+21337	+21291	+21351	+21358	+00024	
+00637	+21436	+21327	+21343	+21350	+21337	+21289	+21352	+21358	+00024	
+00638	+21436	+21327	+21344	+21353	+21337	+21288	+21352	+21357	+00025	
+00639	+21436	+21326	+21346	+21353	+21336	+21291	+21351	+21358	+00024	
+00640	+21434	+21326	+21343	+21351	+21337	+21290	+21352	+21357	+00024	
+00641	+21437	+21328	+21345	+21353	+21336	+21289	+21352	+21359	+00024	
+00642	+21435	+21326	+21343	+21351	+21337	+21288	+21351	+21357	+00024	
+00643	+21436	+21329	+21344	+21353	+21338	+21289	+21353	+21358	+00025	
+00644	+21434	+21326	+21344	+21351	+21337	+21289	+21352	+21359	+00024	
+00645	+21436	+21328	+21345	+21352	+21339	+21289	+21352	+21357	+00024	
+00646	+21434	+21327	+21345	+21350	+21336	+21289	+21353	+21356	+00024	
+00647	+21435	+21327	+21345	+21350	+21336	+21289	+21351	+21359	+00024	
+00648	+21434	+21326	+21344	+21350	+21336	+21290	+21350	+21356	+00025	
+00649	+21435	+21327	+21344	+21352	+21337	+21289	+21349	+21356	+00024	
+00650	+21436	+21329	+21345	+21352	+21337	+21290	+21352	+21358	+00025	
+00651	+21434	+21328	+21344	+21352	+21337	+21287	+21351	+21357	+00025	
+00652	+21437	+21326	+21344	+21352	+21337	+21291	+21351	+21359	+00024	
+00653	+21436	+21327	+21344	+21350	+21336	+21289	+21351	+21357	+00024	
+00654	+21437	+21329	+21345	+21353	+21338	+21291	+21353	+21357	+00024	
+00655	+21434	+21329	+21344	+21351	+21336	+21288	+21351	+21356	+00024	
+00656	+21435	+21328	+21343	+21352	+21338	+21288	+21352	+21359	+00024	
+00657	+21437	+21326	+21344	+21351	+21338	+21288	+21350	+21356	+00025	
+00658	+21433	+21325	+21345	+21353	+21337	+21291	+21353	+21357	+00025	
+00659	+21435	+21329	+21345	+21354	+21336	+21288	+21351	+21358	+00024	
+00660	+21432	+21328	+21342	+21352	+21336	+21290	+21351	+21359	+00024	
+00661	+21435	+21328	+21344	+21353	+21337	+21291	+21352	+21359	+00025	
+00662	+21435	+21328	+21343	+21351	+21336	+21289	+21350	+21357	+00025	
+00663	+21435	+21329	+21345	+21354	+21339	+21290	+21353	+21359	+00025	
+00664	+21435	+21328	+21343	+21350	+21336	+21288	+21351	+21356	+00024	
+00665	+21434	+21327	+21344	+21352	+21337	+21289	+21352	+21357	+00024	
+00666	+21434	+21326	+21345	+21351	+21338	+21289	+21350	+21358	+00024	
+00667	+21433	+21328	+21343	+21352	+21338	+21289	+21352	+21357	+00024	
+00668	+21435	+21326	+21345	+21350	+21336	+21288	+21353	+21359	+00025	
+00669	+21433	+21326	+21343	+21351	+21336	+21288	+21350	+21357	+00025	
+00670	+21437	+21328	+21345	+21352	+21338	+21291	+21352	+21358	+00025	
+00671	+21437	+21327	+21343	+21352	+21337	+21288	+21353	+21357	+00024	
+00672	+21436	+21328	+21344	+21352	+21337	+21289	+21353	+21358	+00024	
+00673	+21434	+21326	+21342	+21351	+21337	+21288	+21351	+21357	+00025	
+00674	+21435	+21327	+21346	+21352	+21339	+21290	+21352	+21357	+00025	
+00675	+21435	+21326	+21344	+21352	+21336	+21289	+21350	+21357	+00025	
+00676	+21434	+21329	+21345	+21351	+21337	+21288	+21352	+21358	+00025	
+00677	+21436	+21327	+21345	+21351	+21337	+21289	+21351	+21357	+00025	
+00678	+21434	+21328	+21343	+21351	+21336	+21287	+21352	+21359	+00025	
+00679	+21436	+21326	+21344	+21352	+21337	+21290	+21351	+21358	+00024	
+00680	+21434	+21326	+21343	+21351	+21338	+21287	+21349	+21356	+00025	
+00681	+21436	+21329	+21344	+21352	+21338	+21292	+21351	+21359	+00025	
+00682	+21434	+21325	+21344	+21352	+21338	+21289	+21350	+21357	+00024	
+00683	+21435	+21329	+21344	+21352	+21339	+21289	+21353	+21358	+00025	
+00684	+21435	+21327	+21344	+21353	+21337	+21290	+21351	+21357	+00024	
+00685	+21435	+21328	+21343	+21351	+21337	+21290	+21351	+21357	+00024	
+00686	+21435	+21327	+21345	+21351	+21338	+21290	+21352	+21358	+00025	
+00687	+21434	+21326	+21346	+21351	+21337	+21291	+21351	+21359	+00024	
+00688	+21436	+21328	+21345	+21352	+21337	+21289	+21353	+21359	+00025	
+00689	+21434	+21327	+21344	+21349	+21335	+21289	+21352	+21356	+00024	
+00690	+21436	+21328	+21346	+21353	+21339	+21291	+21352	+21359	+00025	
+00691	+21436	+21326	+21344	+21351	+21335	+21289	+21350	+21357	+00024	
+00692	+21437	+21327	+21346	+21353	+21338	+21290	+21352	+21358	+00026	
+00693	+21435	+21326	+21344	+21351	+21335	+21288	+21351	+21357	+00025	
+00694	+21434	+21327	+21344	+21351	+21338	+21290	+21350	+21357	+00025	
+00695	+21433	+21330	+21345	+21352	+21338	+21289	+21352	+21359	+00024	
+00696	+21434	+21328	+21345	+21353	+21337	+21288	+21351	+21359	+00025	
+00697	+21437	+21328	+21345	+21352	+21337	+21290	+21352	+21360	+00025	
+00698	+21435	+21326	+21344	+21351	+21337	+21290	+21350	+21357	+00025	
+00699	+21437	+21328	+21346	+21353	+21338	+21291	+21352	+21358	+00024	
+00700	+21435	+21327	+21343	+21352	+21335	+21289	+21351	+21358	+00025	
+00701	+21435	+21327	+21344	+21352	+21336	+21290	+21352	+21358	+00025	
+00702	+21435	+21326	+21345	+21353	+21337	+21290	+21352	+21358	+00025	
+00703	+21435	+21328	+21345	+21350	+21339	+21290	+21351	+21357	+00025	
+00704	+21435	+21328	+21346	+21352	+21336	+21291	+21352	+21357	+00025	
+00705	+21435	+21328	+21343	+21353	+21336	+21289	+21351	+21358	+00024	
+00706	+21434	+21329	+21345	+21352	+21338	+21291	+21353	+21358	+00025	
+00707	+21436	+21326	+21345	+21351	+21337	+21289	+21352	+21357	+00024	
+00708	+21436	+21326	+21345	+21352	+21337	+21291	+21354	+21358	+00025	
+00709	+21435	+21327	+21343	+21351	+21335	+21289	+21352	+21357	+00024	
+00710	+21435	+21327	+21344	+21352	+21339	+21291	+21350	+21358	+00025	
+00711	+21435	+21327	+21344	+21353	+21336	+21290	+21350	+21358	+00025	
+00712	+21434	+21327	+21345	+21353	+21338	+21290	+21351	+21358	+00025	
+00713	+21435	+21325	+21343	+21352	+21336	+21288	+21351	+21358	+00024	
+00714	+21434	+21328	+21343	+21351	+21336	+21288	+21352	+21357	+00025	
+00715	+21436	+21326	+21346	+21352	+21336	+21289	+21352	+21359	+00024	
+00716	+21436	+21329	+21344	+21351	+21338	+21288	+21352	+21357	+00024	
+00717	+21435	+21326	+21345	+21354	+21336	+21290	+21351	+21357	+00025	
+00718	+21434	+21327	+21343	+21351	+21337	+21289	+21351	+21358	+00024	
+00719	+21436	+21328	+21344	+21353	+21336	+21287	+21352	+21357	+00024	
+00720	+21435	+21326	+21342	+21353	+21337	+21287	+21350	+21358	+00025	
+00721	+21436	+21329	+21345	+21352	+21339	+21290	+21352	+21358	+00025	
+00722	+21433	+21327	+21345	+21351	+21336	+21290	+21351	+21358	+00025	
+00723	+21437	+21328	+21343	+21353	+21337	+21290	+21352	+21358	+00025	
+00724	+21435	+21326	+21344	+21353	+21336	+21287	+21352	+21358	+00024	
+00725	+21434	+21327	+21343	+21353	+21337	+21289	+21351	+21358	+00024	
+00726	+21435	+21325	+21346	+21354	+21338	+21289	+21353	+21357	+00024	
+00727	+21431	+21327	+21345	+21349	+21337	+21287	+21351	+21357	+00025	
+00728	+21435	+21330	+21346	+21352	+21337	+21288	+21353	+21358	+00024	
+00729	+21433	+21326	+21345	+21352	+21337	+21289	+21351	+21358	+00024	
+00730	+21436	+21328	+21344	+21353	+21338	+21289	+21352	+21359	+00024	
+00731	+21435	+21328	+21346	+21351	+21337	+21289	+21351	+21358	+00024	
+00732	+21436	+21328	+21345	+21353	+21338	+21290	+21352	+21359	+00025	
+00733	+21435	+21326	+21344	+21351	+21337	+21290	+21352	+21357	+00025	
+00734	+21435	+21327	+21344	+21351	+21338	+21288	+21350	+21358	+00025	
+00735	+21436	+21326	+21345	+21353	+21336	+21290	+21352	+21358	+00024	
+00736	+21433	+21328	+21343	+21352	+21337	+21289	+21350	+21357	+00025	
+00737	+21436	+21329	+21346	+21352	+21337	+21291	+21353	+21359	+00025	
+00738	+21435	+21326	+21343	+21351	+21336	+21290	+21351	+21358	+00025	
+00739	+21435	+21328	+21345	+21353	+21337	+21290	+21352	+21358	+00025	
+00740	+21433	+21327	+21343	+21352	+21336	+21289	+21352	+21357	+00025	
+00741	+21435	+21328	+21343	+21352	+21338	+21290	+21352	+21358	+00024	
+00742	+21436	+21328	+21344	+21352	+21336	+21291	+21352	+21358	+00025	
+00743	+21434	+21328	+21342	+21351	+21337	+21289	+21350	+21357	+00025	
+00744	+21435	+21327	+21345	+21353	+21336	+21290	+21352	+21357	+00024	
+00745	+21434	+21327	+21342	+21351	+21337	+21289	+21350	+21356	+00024	
+00746	+21435	+21328	+21344	+21353	+21337	+21290	+21352	+21360	+00024	
+00747	+21435	+21326	+21343	+21351	+21336	+21289	+21350	+21356	+00024	
+00748	+21435	+21328	+21344	+21352	+21336	+21290	+21352	+21359	+00024	
+00749	+21435	+21326	+21344	+21352	+21335	+21289	+21350	+21357	+00024	
+00750	+21436	+21327	+21345	+21352	+21339	+21290	+21351	+21358	+00025	
+00751	+21435	+21327	+21345	+21352	+21337	+21289	+21352	+21359	+00025	
+00752	+21435	+21328	+21345	+21351	+21336	+21289	+21351	+21358	+00025	
+00753	+21436	+21327	+21343	+21353	+21337	+21287	+21352	+21357	+00025	
+00754	+21436	+21328	+21343	+21353	+21337	+21288	+21350	+21358	+00025	
+00755	+21435	+21328	+21345	+21353	+21338	+21290	+21352	+21359	+00024	
+00756	+21434	+21327	+21343	+21351	+21336	+21288	+21350	+21355	+00024	
+00757	+21436	+21328	+21345	+21352	+21338	+21291	+21353	+21358	+00025	
+00758	+21433	+21329	+21345	+21351	+21335	+21288	+21350	+21356	+00025	
+00759	+21435	+21327	+21346	+21352	+21337	+21290	+21353	+21357	+00025	
+00760	+21434	+21325	+21346	+21352	+21336	+21289	+21351	+21357	+00024	
+00761	+21435	+21327	+21343	+21352	+21337	+21289	+21351	+21358	+00024	
+00762	+21435	+21327	+21346	+21351	+21337	+21289	+21351	+21357	+00025	
+00763	+21434	+21327	+21344	+21351	+21337	+21290	+21350	+21358	+00025	
+00764	+21435	+21329	+21345	+21352	+21338	+21290	+21353	+21360	+00024	
+00765	+21435	+21327	+21345	+21350	+21337	+21288	+21351	+21359	+00025	
+00766	+21437	+21329	+21346	+21353	+21338	+21291	+21352	+21358	+00025	
+00767	+21434	+21326	+21344	+21352	+21335	+21288	+21351	+21356	+00025	
+00768	+21434	+21328	+21345	+21352	+21337	+21290	+21351	+21359	+00025	
+00769	+21436	+21328	+21344	+21352	+21337	+21288	+21351	+21356	+00025	
+00770	+21435	+21329	+21344	+21352	+21337	+21289	+21350	+21359	+00024	
+00771	+21435	+21326	+21345	+21353	+21336	+21291	+21351	+21358	+00025	
+00772	+21432	+21327	+21344	+21351	+21337	+21289	+21351	+21359	+00025	
+00773	+21435	+21329	+21344	+21354	+21338	+21290	+21352	+21356	+00024	
+00774	+21435	+21326	+21343	+21352	+21336	+21288	+21351	+21359	+00025	
+00775	+21436	+21329	+21347	+21352	+21337	+21291	+21352	+21359	+00025	
+00776	+21435	+21327	+21345	+21353	+21333	+21290	+21351	+21356	+00025	
+00777	+21436	+21328	+21346	+21352	+21335	+21289	+21353	+21359	+00025	
+00778	+21434	+21327	+21346	+21351	+21335	+21290	+21350	+21357	+00025	
+00779	+21435	+21327	+21343	+21352	+21337	+21288	+21352	+21359	+00025	
+00780	+21436	+21327	+21344	+21353	+21336	+21290	+21351	+21358	+00025	
+00781	+21435	+21328	+21345	+21353	+21336	+21289	+21352	+21357	+00028	
+00782	+21435	+21328	+21345	+21354	+21335	+21289	+21351	+21358	+00025	
+00783	+21435	+21328	+21342	+21351	+21336	+21289	+21353	+21357	+00025	
+00784	+21435	+21327	+21345	+21353	+21338	+21291	+21352	+21359	+00025	
+00785	+21436	+21327	+21343	+21350	+21334	+21289	+21352	+21357	+00025	
+00786	+21436	+21329	+21344	+21354	+21337	+21291	+21351	+21358	+00025	
+00787	+21435	+21327	+21343	+21351	+21337	+21290	+21352	+21358	+00025	
+00788	+21436	+21327	+21344	+21352	+21337	+21289	+21351	+21358	+00025	
+00789	+21437	+21326	+21345	+21352	+21337	+21290	+21351	+21358	+00025	
+00790	+21435	+21327	+21343	+21351	+21337	+21288	+21350	+21356	+00028	
+00791	+21435	+21328	+21345	+21352	+21337	+21291	+21351	+21359	+00025	
+00792	+21435	+21327	+21344	+21351	+21336	+21288	+21352	+21359	+00027	
+00793	+21435	+21326	+21345	+21352	+21338	+21290	+21353	+21359	+00028	
+00794	+21434	+21327	+21344	+21353	+21337	+21288	+21352	+21355	+00027	
+00795	+21436	+21327	+21344	+21352	+21339	+21290	+21352	+21357	+00028	
+00796	+21435	+21326	+21344	+21351	+21335	+21289	+21351	+21358	+00028	
+00797	+21436	+21329	+21345	+21352	+21337	+21289	+21352	+21357	+00028	
+00798	+21434	+21328	+21344	+21353	+21337	+21291	+21351	+21358	+00028	
+00799	+21435	+21328	+21342	+21351	+21336	+21290	+21350	+21359	+00028	
+00800	+21435	+21327	+21345	+21353	+21337	+21290	+21352	+21358	+00028	
+00801	+21434	+21326	+21343	+21351	+21337	+21288	+21351	+21355	+00028	
+00802	+21435	+21327	+21345	+21353	+21337	+21289	+21353	+21359	+00028	
+00803	+21435	+21326	+21344	+21352	+21334	+21289	+21351	+21358	+00028	
+00804	+21436	+21328	+21346	+21352	+21338	+21289	+21353	+21359	+00030	
+00805	+21435	+21328	+21342	+21352	+21335	+21290	+21350	+21357	+00028	
+00806	+21435	+21327	+21346	+21352	+21337	+21290	+21351	+21358	+00028	
+00807	+21435	+21326	+21345	+21351	+21337	+21288	+21351	+21359	+00030	
+00808	+21434	+21327	+21344	+21353	+21336	+21289	+21352	+21357	+00030	
+00809	+21435	+21328	+21345	+21353	+21336	+21290	+21352	+21358	+00030	
+00810	+21434	+21328	+21343	+21351	+21336	+21289	+21351	+21357	+00030	
+00811	+21437	+21327	+21346	+21352	+21336	+21289	+21353	+21358	+00031	
+00812	+21434	+21327	+21344	+21352	+21337	+21288	+21351	+21358	+00031	
+00813	+21436	+21327	+21345	+21351	+21337	+21289	+21351	+21358	+00031	
+00814	+21434	+21327	+21344	+21353	+21336	+21288	+21351	+21358	+00031	
+00815	+21434	+21327	+21344	+21353	+21339	+21290	+21352	+21359	+00031	
+00816	+21434	+21327	+21344	+21351	+21336	+21290	+21351	+21356	+00031	
+00817	+21435	+21327	+21345	+21351	+21336	+21289	+21350	+21357	+00031	
+00818	+21436	+21327	+21346	+21351	+21337	+21289	+21352	+21358	+00031	
+00819	+21436	+21325	+21344	+21352	+21338	+21289	+21351	+21358	+00031	
+00820	+21438	+21327	+21344	+21351	+21338	+21290	+21352	+21358	+00031	
+00821	+21436	+21327	+21344	+21352	+21337	+21288	+21350	+21357	+00031	
+00822	+21436	+21328	+21345	+21353	+21337	+21291	+21351	+21358	+00031	
+00823	+21434	+21327	+21342	+21350	+21336	+21290	+21350	+21358	+00031	
+00824	+21434	+21328	+21344	+21351	+21338	+21290	+21353	+21360	+00031	
+00825	+21435	+21326	+21345	+21351	+21337	+21289	+21352	+21358	+00031	
+00826	+21435	+21328	+21344	+21353	+21337	+21290	+21352	+21357	+00031	
+00827	+21436	+21327	+21344	+21351	+21337	+21291	+21352	+21357	+00031	
+00828	+21434	+21327	+21343	+21351	+21335	+21289	+21352	+21357	+00031	
+00829	+21436	+21328	+21344	+21351	+21337	+21291	+21352	+21358	+00031	
+00830	+21436	+21328	+21343	+21351	+21336	+21290	+21351	+21358	+00031	
+00831	+21436	+21327	+21345	+21352	+21338	+21290	+21351	+21357	+00031	
+00832	+21434	+21326	+21345	+21350	+21338	+21290	+21350	+21357	+00031	
+00833	+21436	+21328	+21344	+21353	+21338	+21290	+21352	+21358	+00031	
+00834	+21435	+21328	+21345	+21352	+21337	+21289	+21351	+21357	+00031	
+00835	+21436	+21328	+21345	+21350	+21338	+21289	+21351	+21358	+00031	
+00836	+21434	+21327	+21344	+21352	+21337	+21289	+21352	+21358	+00031	
+00837	+21435	+21328	+21345	+21352	+21337	+21289	+21350	+21357	+00031	
+00838	+21436	+21327	+21346	+21353	+21338	+21289	+21351	+21358	+00031	
+00839	+21435	+21326	+21344	+21352	+21337	+21288	+21351	+21358	+00031	
+00840	+21435	+21328	+21344	+21353	+21338	+21290	+21352	+21357	+00031	
+00841	+21436	+21325	+21344	+21351	+21336	+21289	+21351	+21357	+00031	
+00842	+21436	+21328	+21345	+21353	+21338	+21291	+21351	+21357	+00031	
+00843	+21435	+21328	+21343	+21351	+21337	+21288	+21351	+21357	+00031	
+00844	+21436	+21329	+21346	+21352	+21337	+21289	+21353	+21358	+00031	
+00845	+21436	+21326	+21344	+21351	+21336	+21289	+21353	+21358	+00031	
+00846	+21434	+21328	+21344	+21353	+21336	+21289	+21352	+21357	+00031	
+00847	+21435	+21328	+21346	+21352	+21338	+21291	+21353	+21357	+00031	
+00848	+21436	+21327	+21344	+21350	+21338	+21290	+21351	+21359	+00031	
+00849	+21437	+21327	+21345	+21353	+21336	+21289	+21351	+21359	+00031	
+00850	+21436	+21325	+21344	+21350	+21337	+21289	+21352	+21356	+00031	
+00851	+21436	+21327	+21345	+21351	+21339	+21289	+21352	+21358	+00031	
+00852	+21436	+21327	+21344	+21350	+21336	+21289	+21351	+21357	+00031	
+00853	+21436	+21329	+21346	+21352	+21337	+21290	+21351	+21359	+00031	
+00854	+21434	+21327	+21344	+21352	+21336	+21290	+21351	+21359	+00031	
+00855	+21435	+21326	+21345	+21351	+21337	+21290	+21350	+21357	+00031	
+00856	+21435	+21328	+21345	+21351	+21338	+21291	+21353	+21357	+00031	
+00857	+21434	+21327	+21343	+21351	+21336	+21289	+21351	+21357	+00031	
+00858	+21437	+21328	+21345	+21353	+21338	+21292	+21353	+21359	+00031	
+00859	+21435	+21327	+21344	+21350	+21336	+21289	+21351	+21357	+00031	
+00860	+21437	+21328	+21345	+21353	+21337	+21291	+21352	+21358	+00031	
+00861	+21435	+21324	+21344	+21353	+21336	+21288	+21351	+21355	+00031	
+00862	+21435	+21328	+21346	+21352	+21337	+21289	+21352	+21358	+00031	
+00863	+21435	+21328	+21343	+21353	+21335	+21289	+21352	+21358	+00031	
+00864	+21435	+21327	+21346	+21351	+21338	+21289	+21351	+21358	+00031	
+00865	+21435	+21328	+21344	+21353	+21337	+21290	+21351	+21358	+00031	
+00866	+21435	+21326	+21342	+21351	+21336	+21288	+21350	+21357	+00031	
+00867	+21436	+21326	+21345	+21353	+21338	+21291	+21353	+21359	+00031	
+00868	+21435	+21328	+21344	+21350	+21338	+21289	+21350	+21357	+00031	
+00869	+21437	+21329	+21344	+21353	+21337	+21289	+21353	+21357	+00031	
+00870	+21435	+21326	+21343	+21352	+21336	+21288	+21352	+21358	+00031	
+00871	+21436	+21327	+21346	+21353	+21338	+21290	+21352	+21357	+00031	
+00872	+21435	+21327	+21345	+21352	+21335	+21290	+21352	+21359	+00031	
+00873	+21435	+21327	+21344	+21351	+21336	+21289	+21351	+21359	+00031	
+00874	+21435	+21328	+21345	+21352	+21336	+21290	+21352	+21357	+00031	
+00875	+21433	+21327	+21344	+21350	+21338	+21289	+21350	+21357	+00031	
+00876	+21435	+21327	+21344	+21351	+21337	+21289	+21353	+21357	+00031	
+00877	+21434	+21326	+21344	+21351	+21335	+21288	+21350	+21357	+00031	
+00878	+21436	+21328	+21346	+21352	+21338	+21291	+21352	+21359	+00031	
+00879	+21435	+21328	+21343	+21350	+21335	+21288	+21352	+21356	+00031	
+00880	+21435	+21327	+21345	+21353	+21338	+21290	+21352	+21359	+00031	
+00881	+21436	+21327	+21343	+21352	+21338	+21289	+21351	+21356	+00031	
+00882	+21433	+21327	+21344	+21352	+21336	+21290	+21351	+21357	+00031	
+00883	+21434	+21326	+21345	+21351	+21337	+21289	+21351	+21357	+00031	
+00884	+21434	+21326	+21344	+21350	+21338	+21289	+21349	+21357	+00031	
+00885	+21436	+21325	+21347	+21352	+21339	+21291	+21352	+21357	+00031	
+00886	+21434	+21328	+21343	+21352	+21335	+21289	+21350	+21357	+00031	
+00887	+21435	+21328	+21343	+21351	+21337	+21290	+21351	+21359	+00031	
+00888	+21434	+21326	+21345	+21351	+21337	+21290	+21352	+21356	+00031	
+00889	+21436	+21328	+21344	+21353	+21337	+21289	+21351	+21358	+00031	
+00890	+21436	+21325	+21344	+21351	+21337	+21291	+21352	+21356	+00031	
+00891	+21435	+21328	+21343	+21352	+21337	+21289	+21353	+21357	+00031	
+00892	+21435	+21326	+21345	+21352	+21337	+21290	+21351	+21358	+00031	
+00893	+21433	+21325	+21341	+21353	+21336	+21289	+21351	+21356	+00031	
+00894	+21436	+21326	+21345	+21352	+21336	+21291	+21351	+21357	+00031	
+00895	+21434	+21327	+21344	+21351	+21335	+21288	+21351	+21357	+00031	
+00896	+21435	+21329	+21345	+21353	+21338	+21289	+21351	+21358	+00031	
+00897	+21435	+21325	+21346	+21351	+21336	+21289	+21350	+21358	+00031	
+00898	+21435	+21329	+21345	+21353	+21337	+21292	+21352	+21357	+00031	
+00899	+21434	+21326	+21345	+21351	+21336	+21290	+21352	+21356	+00031	
+00900	+21434	+21329	+21344	+21351	+21337	+21290	+21351	+21358	+00031	
+00901	+21435	+21327	+21346	+21353	+21337	+21290	+21352	+21359	+00031	
+00902	+21434	+21325	+21342	+21352	+21336	+21290	+21351	+21355	+00031	
+00903	+21436	+21327	+21345	+21353	+21337	+21289	+21352	+21358	+00031	
+00904	+21435	+21326	+21343	+21351	+21336	+21288	+21351	+21356	+00031	
+00905	+21435	+21329	+21345	+21353	+21337	+21289	+21351	+21357	+00031	
+00906	+21435	+21327	+21344	+21351	+21335	+21289	+21351	+21357	+00031	
+00907	+21436	+21327	+21345	+21352	+21337	+21291	+21352	+21358	+00031	
+00908	+21435	+21327	+21345	+21352	+21337	+21291	+21352	+21357	+00031	
+00909	+21434	+21328	+21344	+21351	+21337	+21291	+21351	+21357	+00031	
+00910	+21435	+21327	+21346	+21351	+21335	+21290	+21351	+21358	+00031	
+00911	+21434	+21328	+21343	+21352	+21338	+21290	+21350	+21357	+00031	
+00912	+21438	+21328	+21345	+21352	+21337	+21291	+21350	+21358	+00031	
+00913	+21435	+21327	+21343	+21352	+21338	+21290	+21351	+21356	+00031	
+00914	+21437	+21328	+21345	+21351	+21337	+21290	+21353	+21358	+00031	
+00915	+21435	+21325	+21344	+21350	+21337	+21288	+21350	+21357	+00031	
+00916	+21435	+21329	+21344	+21352	+21338	+21290	+21352	+21358	+00031	
+00917	+21435	+21326	+21343	+21352	+21337	+21289	+21350	+21356	+00031	
+00918	+21434	+21327	+21343	+21352	+21335	+21289	+21352	+21357	+00031	
+00919	+21436	+21327	+21343	+21353	+21337	+21291	+21350	+21358	+00031	
+00920	+21435	+21329	+21345	+21351	+21337	+21288	+21350	+21358	+00031	
+00921	+21435	+21327	+21344	+21354	+21339	+21290	+21352	+21358	+00031	
+00922	+21433	+21328	+21343	+21351	+21337	+21289	+21352	+21358	+00031	
+00923	+21436	+21328	+21344	+21352	+21337	+21290	+21352	+21358	+00031	
+00924	+21434	+21326	+21344	+21351	+21337	+21290	+21351	+21357	+00031	
+00925	+21437	+21327	+21344	+21352	+21337	+21291	+21353	+21360	+00031	
+00926	+21434	+21327	+21343	+21351	+21336	+21290	+21352	+21358	+00031	
+00927	+21434	+21328	+21345	+21353	+21335	+21290	+21352	+21358	+00031	
+00928	+21435	+21327	+21345	+21351	+21336	+21291	+21351	+21358	+00031	
+00929	+21435	+21328	+21344	+21353	+21336	+21289	+21352	+21358	+00031	
+00930	+21437	+21327	+21346	+21353	+21337	+21289	+21352	+21356	+00031	
+00931	+21434	+21326	+21344	+21352	+21337	+21289	+21350	+21357	+00031	
+00932	+21437	+21328	+21346	+21352	+21338	+21291	+21352	+21359	+00031	
+00933	+21435	+21324	+21343	+21352	+21336	+21289	+21349	+21357	+00031	
+00934	+21437	+21329	+21345	+21354	+21337	+21290	+21349	+21357	+00031	
+00935	+21433	+21326	+21344	+21353	+21338	+21289	+21352	+21358	+00031	
+00936	+21435	+21328	+21345	+21353	+21336	+21292	+21353	+21359	+00031	
+00937	+21436	+21327	+21345	+21350	+21336	+21289	+21351	+21358	+00031	
+00938	+21436	+21327	+21343	+21352	+21336	+21287	+21352	+21358	+00031	
+00939	+21436	+21328	+21344	+21353	+21336	+21289	+21353	+21358	+00031	
+00940	+21434	+21327	+21345	+21351	+21336	+21289	+21351	+21354	+00031	
+00941	+21437	+21329	+21344	+21353	+21337	+21290	+21353	+21358	+00031	
+00942	+21434	+21326	+21343	+21352	+21336	+21289	+21350	+21358	+00031	
+00943	+21435	+21328	+21345	+21352	+21336	+21291	+21351	+21358	+00031	
+00944	+21435	+21326	+21344	+21353	+21335	+21288	+21352	+21358	+00031	
+00945	+21434	+21329	+21344	+21353	+21338	+21288	+21352	+21359	+00031	
+00946	+21437	+21325	+21345	+21351	+21335	+21288	+21351	+21357	+00031	
+00947	+21433	+21327	+21345	+21351	+21337	+21289	+21350	+21359	+00031	
+00948	+21436	+21327	+21344	+21352	+21337	+21289	+21351	+21358	+00031	
+00949	+21433	+21328	+21344	+21351	+21338	+21289	+21351	+21358	+00031	
+00950	+21437	+21329	+21345	+21352	+21337	+21290	+21352	+21358	+00031	
+00951	+21435	+21325	+21345	+21351	+21337	+21289	+21350	+21358	+00031	
+00952	+21435	+21326	+21346	+21352	+21337	+21290	+21351	+21358	+00031	
+00953	+21434	+21326	+21344	+21351	+21335	+21290	+21351	+21358	+00031	
+00954	+21436	+21329	+21344	+21352	+21339	+21289	+21352	+21359	+00031	
+00955	+21435	+21326	+21345	+21353	+21335	+21288	+21351	+21357	+00031	
+00956	+21434	+21326	+21346	+21352	+21338	+21287	+21352	+21358	+00031	
+00957	+21436	+21327	+21344	+21351	+21337	+21292	+21353	+21358	+00031	
+00958	+21433	+21328	+21343	+21352	+21336	+21289	+21351	+21356	+00031	
+00959	+21437	+21328	+21345	+21352	+21337	+21290	+21353	+21357	+00031	
+00960	+21434	+21328	+21343	+21351	+21337	+21289	+21352	+21355	+00031	
+00961	+21437	+21327	+21345	+21353	+21339	+21290	+21353	+21359	+00031	
+00962	+21434	+21325	+21345	+21353	+21337	+21289	+21352	+21357	+00031	
+00963	+21436	+21328	+21345	+21353	+21336	+21291	+21351	+21359	+00031	
+00964	+21435	+21327	+21345	+21351	+21336	+21290	+21351	+21358	+00031	
+00965	+21435	+21329	+21345	+21352	+21338	+21291	+21351	+21357	+00031	
+00966	+21434	+21328	+21345	+21353	+21336	+21290	+21351	+21358	+00031	
+00967	+21435	+21326	+21345	+21351	+21336	+21289	+21351	+21359	+00031	
+00968	+21436	+21327	+21344	+21352	+21339	+21291	+21350	+21358	+00031	
+00969	+21434	+21326	+21344	+21351	+21336	+21289	+21351	+21357	+00031	
+00970	+21436	+21328	+21346	+21352	+21338	+21290	+21353	+21358	+00031	
+00971	+21434	+21326	+21345	+21352	+21338	+21289	+21351	+21357	+00031	
+00972	+21436	+21328	+21346	+21353	+21337	+21290	+21352	+21359	+00031	
+00973	+21435	+21326	+21344	+21352	+21335	+21290	+21351	+21357	+00031	
+00974	+21434	+21326	+21344	+21351	+21338	+21289	+21352	+21357	+00031	
+00975	+21436	+21327	+21344	+21352	+21337	+21291	+21351	+21359	+00031	
+00976	+21435	+21327	+21343	+21352	+21336	+21289	+21352	+21358	+00031	
+00977	+21435	+21329	+21345	+21352	+21339	+21291	+21352	+21357	+00031	
+00978	+21436	+21326	+21343	+21352	+21336	+21289	+21350	+21357	+00031	
+00979	+21435	+21327	+21345	+21353	+21337	+21289	+21352	+21359	+00031	
+00980	+21435	+21327	+21345	+21351	+21337	+21289	+21350	+21357	+00031	
+00981	+21434	+21327	+21344	+21352	+21337	+21289	+21351	+21358	+00031	
+00982	+21434	+21328	+21344	+21353	+21336	+21291	+21352	+21359	+00031	
+00983	+21435	+21328	+21341	+21352	+21338	+21292	+21352	+21358	+00031	
+00984	+21436	+21326	+21345	+21352	+21338	+21290	+21352	+21357	+00031	
+00985	+21434	+21326	+21345	+21352	+21337	+21289	+21352	+21358	+00031	
+00986	+21433	+21325	+21345	+21353	+21338	+21291	+21352	+21356	+00031	
+00987	+21435	+21327	+21345	+21351	+21335	+21290	+21351	+21355	+00031	
+00988	+21437	+21328	+21347	+21353	+21336	+21291	+21353	+21359	+00031	
+00989	+21435	+21328	+21344	+21351	+21337	+21291	+21351	+21356	+00031	
+00990	+21434	+21327	+21346	+21352	+21338	+21290	+21352	+21359	+00031	
+00991	+21436	+21328	+21344	+21351	+21336	+21292	+21350	+21357	+00031	
+00992	+21436	+21326	+21344	+21352	+21338	+21290	+21352	+21357	+00031	
+00993	+21435	+21327	+21344	+21352	+21336	+21290	+21352	+21357	+00031	
+00994	+21435	+21327	+21345	+21350	+21337	+21289	+21352	+21355	+00031	
+00995	+21434	+21329	+21344	+21353	+21338	+21289	+21353	+21360	+00031	
+00996	+21434	+21326	+21344	+21351	+21337	+21289	+21352	+21357	+00031	
+00997	+21435	+21329	+21345	+21352	+21337	+21291	+21352	+21358	+00031	
+00998	+21434	+21325	+21344	+21351	+21337	+21288	+21350	+21357	+00031	
+00999	+21436	+21327	+21345	+21351	+21338	+21289	+21352	+21358	+00031	
+01000	+21436	+21327	+21343	+21353	+21336	+21289	+21352	+21359	+00031	
+01001	+21436	+21327	+21345	+21351	+21336	+21288	+21352	+21357	+00031	
+01002	+21434	+21328	+21346	+21353	+21335	+21290	+21351	+21358	+00031	
+01003	+21435	+21328	+21344	+21352	+21337	+21289	+21349	+21359	+00031	
+01004	+21436	+21329	+21345	+21353	+21336	+21289	+21353	+21358	+00031	
+01005	+21434	+21326	+21343	+21351	+21335	+21290	+21349	+21357	+00031	
+01006	+21436	+21328	+21345	+21353	+21337	+21288	+21353	+21359	+00031	
+01007	+21435	+21326	+21343	+21351	+21335	+21289	+21351	+21358	+00031	
+01008	+21436	+21327	+21345	+21351	+21336	+21291	+21352	+21356	+00031	
+01009	+21435	+21327	+21346	+21352	+21337	+21290	+21351	+21359	+00031	
+01010	+21436	+21328	+21344	+21353	+21339	+21290	+21350	+21357	+00031	
+01011	+21435	+21326	+21344	+21352	+21337	+21290	+21352	+21357	+00031	
+01012	+21436	+21326	+21343	+21352	+21337	+21288	+21352	+21358	+00031	
+01013	+21436	+21327	+21345	+21351	+21338	+21291	+21352	+21358	+00031	
+01014	+21435	+21327	+21343	+21352	+21337	+21289	+21351	+21357	+00031	
+01015	+21437	+21329	+21344	+21352	+21336	+21291	+21352	+21359	+00031	
+01016	+21435	+21325	+21345	+21352	+21335	+21289	+21351	+21358	+00031	
+01017	+21436	+21326	+21345	+21351	+21337	+21289	+21352	+21359	+00031	
+01018	+21436	+21327	+21343	+21351	+21337	+21289	+21351	+21357	+00031	
+01019	+21436	+21328	+21344	+21354	+21338	+21290	+21352	+21359	+00031	
+01020	+21436	+21327	+21345	+21351	+21336	+21289	+21352	+21356	+00031	
+01021	+21435	+21327	+21344	+21352	+21337	+21288	+21351	+21359	+00031	
+01022	+21434	+21326	+21344	+21351	+21338	+21289	+21351	+21359	+00031	
+01023	+21435	+21329	+21345	+21352	+21336	+21289	+21350	+21358	+00031	
+01024	+21435	+21327	+21345	+21353	+21338	+21290	+21351	+21356	+00031	
+01025	+21434	+21328	+21343	+21350	+21336	+21288	+21350	+21360	+00031	
+01026	+21434	+21327	+21345	+21352	+21337	+21289	+21353	+21357	+00031	
+01027	+21433	+21326	+21345	+21352	+21337	+21290	+21351	+21356	+00031	
+01028	+21434	+21326	+21344	+21352	+21337	+21290	+21351	+21359	+00031	
+01029	+21435	+21326	+21342	+21352	+21335	+21290	+21352	+21358	+00031	
+01030	+21436	+21327	+21344	+21352	+21336	+21291	+21352	+21359	+00031	
+01031	+21436	+21327	+21344	+21351	+21337	+21290	+21351	+21357	+00031	
+01032	+21434	+21327	+21342	+21351	+21337	+21288	+21351	+21358	+00031	
+01033	+21433	+21327	+21346	+21352	+21335	+21291	+21352	+21359	+00031	
+01034	+21434	+21327	+21344	+21354	+21338	+21289	+21352	+21359	+00031	
+01035	+21436	+21327	+21344	+21353	+21338	+21290	+21351	+21359	+00031	
+01036	+21435	+21325	+21343	+21350	+21336	+21290	+21352	+21359	+00031	
+01037	+21436	+21328	+21345	+21352	+21338	+21290	+21352	+21359	+00031	
+01038	+21435	+21327	+21345	+21351	+21338	+21288	+21351	+21357	+00031	
+01039	+21435	+21327	+21344	+21353	+21338	+21288	+21352	+21359	+00031	
+01040	+21434	+21326	+21345	+21353	+21337	+21291	+21350	+21357	+00031	
+01041	+21437	+21329	+21343	+21352	+21338	+21290	+21350	+21358	+00031	
+01042	+21435	+21328	+21343	+21352	+21338	+21291	+21352	+21358	+00031	
+01043	+21434	+21328	+21344	+21353	+21337	+21291	+21350	+21358	+00031	
+01044	+21435	+21327	+21344	+21351	+21336	+21291	+21353	+21358	+00031	
+01045	+21435	+21328	+21345	+21353	+21337	+21289	+21350	+21358	+00031	
+01046	+21436	+21326	+21343	+21353	+21337	+21290	+21353	+21358	+00031	
+01047	+21435	+21326	+21343	+21350	+21336	+21289	+21349	+21358	+00031	
+01048	+21437	+21328	+21345	+21353	+21337	+21290	+21351	+21357	+00031	
+01049	+21436	+21327	+21344	+21352	+21336	+21288	+21352	+21357	+00031	
+01050	+21434	+21330	+21343	+21352	+21338	+21291	+21351	+21358	+00031	
+01051	+21435	+21327	+21345	+21352	+21336	+21289	+21351	+21357	+00031	
+01052	+21435	+21326	+21344	+21350	+21338	+21289	+21352	+21357	+00031	
+01053	+21436	+21326	+21346	+21353	+21337	+21289	+21352	+21360	+00031	
+01054	+21434	+21328	+21345	+21351	+21338	+21288	+21351	+21357	+00031	
+01055	+21436	+21328	+21345	+21351	+21336	+21291	+21352	+21357	+00031	
+01056	+21435	+21326	+21342	+21350	+21336	+21289	+21351	+21356	+00031	
+01057	+21436	+21327	+21344	+21351	+21338	+21290	+21352	+21359	+00031	
+01058	+21434	+21327	+21345	+21351	+21337	+21289	+21350	+21358	+00031	
+01059	+21436	+21328	+21345	+21352	+21338	+21291	+21352	+21358	+00031	
+01060	+21435	+21327	+21344	+21353	+21336	+21291	+21351	+21357	+00031	
+01061	+21434	+21329	+21344	+21352	+21338	+21290	+21351	+21358	+00031	
+01062	+21435	+21326	+21344	+21352	+21338	+21291	+21349	+21358	+00031	
+01063	+21436	+21326	+21343	+21350	+21335	+21289	+21351	+21358	+00031	
+01064	+21435	+21328	+21346	+21353	+21336	+21290	+21353	+21358	+00031	
+01065	+21433	+21327	+21343	+21351	+21338	+21288	+21352	+21356	+00031	
+01066	+21435	+21328	+21346	+21353	+21337	+21291	+21352	+21358	+00031	
+01067	+21435	+21326	+21344	+21350	+21336	+21290	+21351	+21357	+00031	
+01068	+21434	+21329	+21345	+21352	+21337	+21291	+21351	+21357	+00031	
+01069	+21435	+21327	+21345	+21352	+21337	+21290	+21351	+21357	+00031	
+01070	+21434	+21326	+21344	+21352	+21338	+21290	+21350	+21357	+00031	
+01071	+21436	+21327	+21344	+21353	+21338	+21292	+21351	+21357	+00031	
+01072	+21434	+21326	+21344	+21352	+21338	+21290	+21351	+21357	+00031	
+01073	+21435	+21329	+21345	+21353	+21338	+21291	+21352	+21359	+00031	
+01074	+21433	+21327	+21345	+21352	+21338	+21289	+21352	+21358	+00031	
+01075	+21435	+21328	+21344	+21352	+21337	+21289	+21352	+21359	+00031	
+01076	+21435	+21327	+21342	+21351	+21336	+21290	+21350	+21356	+00031	
+01077	+21437	+21327	+21346	+21352	+21335	+21290	+21352	+21357	+00031	
+01078	+21436	+21327	+21344	+21352	+21337	+21288	+21351	+21358	+00031	
+01079	+21436	+21329	+21344	+21352	+21337	+21290	+21352	+21358	+00031	
+01080	+21436	+21328	+21343	+21352	+21336	+21291	+21351	+21359	+00031	
+01081	+21437	+21326	+21345	+21353	+21338	+21288	+21350	+21355	+00031	
+01082	+21435	+21325	+21344	+21352	+21337	+21290	+21352	+21357	+00031	
+01083	+21435	+21327	+21343	+21351	+21337	+21291	+21351	+21359	+00031	
+01084	+21436	+21328	+21345	+21352	+21338	+21290	+21351	+21358	+00031	
+01085	+21435	+21327	+21342	+21352	+21337	+21288	+21351	+21356	+00031	
+01086	+21436	+21328	+21344	+21351	+21337	+21289	+21351	+21360	+00031	
+01087	+21435	+21327	+21343	+21353	+21336	+21289	+21350	+21358	+00031	
+01088	+21437	+21328	+21344	+21352	+21337	+21289	+21354	+21358	+00031	
+01089	+21436	+21326	+21345	+21352	+21337	+21289	+21350	+21357	+00031	
+01090	+21435	+21326	+21343	+21351	+21337	+21289	+21350	+21358	+00031	
+01091	+21435	+21326	+21345	+21351	+21339	+21289	+21351	+21359	+00031	
+01092	+21435	+21329	+21343	+21351	+21337	+21289	+21351	+21358	+00031	
+01093	+21435	+21327	+21346	+21352	+21337	+21291	+21351	+21358	+00031	
+01094	+21433	+21325	+21345	+21351	+21336	+21289	+21350	+21356	+00031	
+01095	+21436	+21329	+21345	+21353	+21338	+21290	+21353	+21357	+00031	
+01096	+21435	+21327	+21343	+21352	+21336	+21290	+21350	+21356	+00031	
+01097	+21435	+21328	+21345	+21352	+21337	+21289	+21350	+21358	+00031	
+01098	+21436	+21327	+21345	+21351	+21334	+21289	+21350	+21356	+00031	
+01099	+21434	+21327	+21345	+21351	+21337	+21291	+21351	+21359	+00031	
+01100	+21437	+21327	+21345	+21352	+21337	+21290	+21352	+21358	+00031	
+01101	+21434	+21327	+21344	+21350	+21337	+21290	+21351	+21356	+00031	
+01102	+21437	+21328	+21346	+21351	+21337	+21290	+21352	+21358	+00031	
+01103	+21434	+21328	+21344	+21351	+21336	+21288	+21351	+21355	+00031	
+01104	+21436	+21329	+21346	+21353	+21337	+21289	+21352	+21359	+00031	
+01105	+21433	+21326	+21343	+21352	+21336	+21289	+21351	+21356	+00031	
+01106	+21435	+21328	+21345	+21353	+21338	+21289	+21352	+21359	+00031	
+01107	+21435	+21327	+21345	+21351	+21336	+21289	+21351	+21356	+00031	
+01108	+21436	+21328	+21343	+21352	+21339	+21289	+21350	+21358	+00031	
+01109	+21436	+21326	+21343	+21351	+21336	+21289	+21351	+21356	+00031	
+01110	+21435	+21328	+21344	+21350	+21335	+21290	+21351	+21358	+00031	
+01111	+21435	+21327	+21344	+21351	+21337	+21291	+21352	+21358	+00031	
+01112	+21435	+21328	+21343	+21352	+21336	+21289	+21352	+21358	+00031	
+01113	+21436	+21328	+21344	+21353	+21337	+21290	+21352	+21358	+00031	
+01114	+21434	+21325	+21344	+21352	+21336	+21288	+21350	+21357	+00031	
+01115	+21436	+21326	+21346	+21353	+21338	+21291	+21353	+21359	+00031	
+01116	+21436	+21327	+21344	+21352	+21335	+21287	+21349	+21357	+00031	
+01117	+21435	+21328	+21345	+21352	+21336	+21289	+21351	+21360	+00031	
+01118	+21435	+21326	+21345	+21350	+21336	+21288	+21352	+21357	+00031	
+01119	+21435	+21327	+21344	+21352	+21337	+21289	+21349	+21357	+00031	
+01120	+21435	+21327	+21345	+21352	+21336	+21290	+21353	+21358	+00031	
+01121	+21435	+21328	+21342	+21350	+21336	+21288	+21351	+21357	+00031	
+01122	+21435	+21328	+21345	+21352	+21337	+21289	+21351	+21357	+00031	
+01123	+21435	+21327	+21343	+21350	+21337	+21288	+21350	+21358	+00031	
+01124	+21435	+21326	+21346	+21353	+21337	+21291	+21352	+21359	+00031	
+01125	+21436	+21328	+21343	+21352	+21337	+21289	+21350	+21356	+00031	
+01126	+21437	+21326	+21346	+21353	+21338	+21291	+21351	+21358	+00031	
+01127	+21434	+21327	+21344	+21353	+21337	+21289	+21351	+21357	+00031	
+01128	+21436	+21328	+21345	+21352	+21337	+21291	+21353	+21360	+00031	
+01129	+21435	+21326	+21346	+21352	+21337	+21290	+21350	+21358	+00031	
+01130	+21434	+21329	+21344	+21352	+21338	+21289	+21351	+21357	+00031	
+01131	+21435	+21327	+21346	+21354	+21338	+21290	+21352	+21359	+00031	
+01132	+21435	+21326	+21344	+21352	+21338	+21289	+21351	+21357	+00031	
+01133	+21435	+21329	+21345	+21352	+21337	+21290	+21352	+21358	+00031	
+01134	+21436	+21327	+21344	+21350	+21337	+21288	+21351	+21358	+00031	
+01135	+21435	+21328	+21346	+21353	+21336	+21289	+21351	+21357	+00031	
+01136	+21433	+21326	+21344	+21351	+21337	+21289	+21351	+21357	+00031	
+01137	+21434	+21328	+21345	+21352	+21336	+21289	+21352	+21357	+00031	
+01138	+21434	+21327	+21345	+21352	+21336	+21289	+21351	+21357	+00031	
+01139	+21435	+21329	+21344	+21352	+21337	+21289	+21351	+21359	+00031	
+01140	+21434	+21328	+21343	+21351	+21336	+21288	+21350	+21358	+00031	
+01141	+21435	+21329	+21344	+21349	+21335	+21288	+21352	+21357	+00031	
+01142	+21435	+21328	+21345	+21351	+21336	+21290	+21352	+21358	+00031	
+01143	+21434	+21327	+21344	+21353	+21335	+21290	+21350	+21358	+00031	
+01144	+21436	+21328	+21344	+21352	+21336	+21291	+21352	+21359	+00031	
+01145	+21435	+21327	+21343	+21351	+21336	+21288	+21352	+21358	+00031	
+01146	+21436	+21329	+21346	+21352	+21337	+21291	+21352	+21358	+00031	
+01147	+21436	+21328	+21344	+21351	+21336	+21290	+21352	+21357	+00031	
+01148	+21436	+21328	+21345	+21351	+21337	+21289	+21350	+21359	+00031	
+01149	+21436	+21327	+21344	+21351	+21336	+21288	+21351	+21359	+00031	
+01150	+21434	+21326	+21342	+21351	+21339	+21290	+21352	+21357	+00031	
+01151	+21437	+21327	+21346	+21354	+21337	+21289	+21351	+21357	+00031	
+01152	+21433	+21326	+21343	+21350	+21337	+21289	+21352	+21358	+00031	
+01153	+21435	+21329	+21345	+21353	+21337	+21290	+21351	+21358	+00031	
+01154	+21435	+21329	+21345	+21351	+21337	+21288	+21350	+21358	+00031	
+01155	+21437	+21327	+21344	+21353	+21337	+21291	+21352	+21357	+00031	
+01156	+21435	+21326	+21344	+21352	+21335	+21289	+21352	+21358	+00031	
+01157	+21435	+21328	+21345	+21352	+21337	+21290	+21352	+21358	+00031	
+01158	+21435	+21326	+21343	+21350	+21336	+21292	+21350	+21357	+00031	
+01159	+21435	+21327	+21342	+21352	+21339	+21292	+21351	+21359	+00031	
+01160	+21435	+21327	+21344	+21353	+21337	+21291	+21351	+21359	+00031	
+01161	+21432	+21328	+21344	+21351	+21337	+21290	+21351	+21357	+00031	
+01162	+21435	+21328	+21343	+21352	+21338	+21290	+21351	+21359	+00031	
+01163	+21436	+21327	+21344	+21351	+21335	+21288	+21351	+21357	+00031	
+01164	+21436	+21327	+21345	+21354	+21338	+21289	+21352	+21357	+00031	
+01165	+21434	+21328	+21344	+21352	+21336	+21289	+21350	+21358	+00031	
+01166	+21434	+21330	+21346	+21351	+21337	+21289	+21352	+21358	+00031	
+01167	+21435	+21326	+21344	+21351	+21335	+21289	+21351	+21358	+00031	
+01168	+21435	+21329	+21344	+21352	+21336	+21290	+21352	+21359	+00031	
+01169	+21435	+21328	+21344	+21352	+21337	+21290	+21351	+21358	+00031	
+01170	+21435	+21328	+21343	+21352	+21338	+21290	+21352	+21359	+00031	
+01171	+21436	+21328	+21345	+21352	+21337	+21290	+21351	+21356	+00031	
+01172	+21435	+21328	+21344	+21351	+21336	+21288	+21351	+21357	+00031	
+01173	+21436	+21328	+21345	+21353	+21338	+21289	+21352	+21358	+00031	
+01174	+21434	+21327	+21345	+21353	+21335	+21287	+21350	+21356	+00031	
+01175	+21437	+21327	+21345	+21352	+21336	+21291	+21353	+21356	+00031	
+01176	+21435	+21327	+21343	+21352	+21335	+21288	+21351	+21357	+00031	
+01177	+21436	+21327	+21344	+21351	+21337	+21290	+21352	+21358	+00031	
+01178	+21436	+21326	+21344	+21353	+21336	+21290	+21351	+21357	+00031	
+01179	+21435	+21327	+21343	+21350	+21338	+21292	+21351	+21357	+00031	
+01180	+21435	+21326	+21344	+21351	+21336	+21290	+21351	+21356	+00031	
+01181	+21436	+21329	+21342	+21351	+21335	+21290	+21351	+21358	+00031	
+01182	+21435	+21327	+21345	+21352	+21337	+21292	+21353	+21358	+00031	
+01183	+21435	+21328	+21342	+21351	+21335	+21289	+21351	+21356	+00031	
+01184	+21436	+21328	+21345	+21351	+21338	+21290	+21351	+21359	+00031	
+01185	+21435	+21326	+21343	+21353	+21337	+21291	+21352	+21356	+00031	
+01186	+21435	+21327	+21342	+21352	+21338	+21289	+21351	+21358	+00031	
+01187	+21436	+21327	+21343	+21351	+21334	+21288	+21350	+21356	+00031	
+01188	+21436	+21328	+21344	+21352	+21336	+21289	+21352	+21357	+00031	
+01189	+21435	+21328	+21344	+21352	+21337	+21289	+21352	+21358	+00031	
+01190	+21434	+21327	+21344	+21351	+21337	+21291	+21351	+21358	+00031	
+01191	+21435	+21328	+21344	+21351	+21337	+21290	+21351	+21359	+00031	
+01192	+21435	+21327	+21344	+21352	+21335	+21290	+21350	+21357	+00031	
+01193	+21434	+21329	+21343	+21351	+21338	+21291	+21352	+21357	+00031	
+01194	+21435	+21328	+21344	+21351	+21336	+21288	+21351	+21356	+00031	
+01195	+21433	+21326	+21344	+21352	+21337	+21289	+21352	+21359	+00031	
+01196	+21436	+21326	+21343	+21350	+21337	+21290	+21351	+21358	+00031	
+01197	+21434	+21327	+21344	+21351	+21339	+21289	+21352	+21358	+00031	
+01198	+21436	+21329	+21346	+21352	+21337	+21291	+21352	+21357	+00031	
+01199	+21433	+21328	+21343	+21353	+21337	+21290	+21349	+21358	+00031	
+01200	+21435	+21328	+21344	+21353	+21337	+21288	+21350	+21359	+00031	
+01201	+21436	+21328	+21343	+21350	+21336	+21287	+21350	+21357	+00031	
+01202	+21436	+21328	+21345	+21351	+21338	+21292	+21352	+21359	+00031	
+01203	+21434	+21327	+21344	+21352	+21336	+21289	+21351	+21357	+00031	
+01204	+21436	+21327	+21344	+21351	+21338	+21291	+21351	+21358	+00031	
+01205	+21434	+21327	+21344	+21351	+21336	+21290	+21353	+21358	+00031	
+01206	+21436	+21328	+21344	+21352	+21337	+21290	+21352	+21356	+00031	
+01207	+21436	+21325	+21345	+21351	+21337	+21291	+21351	+21358	+00031	
+01208	+21434	+21329	+21346	+21351	+21336	+21290	+21352	+21358	+00031	
+01209	+21436	+21328	+21346	+21352	+21338	+21290	+21352	+21358	+00031	
+01210	+21435	+21328	+21345	+21351	+21336	+21290	+21350	+21357	+00031	
+01211	+21435	+21327	+21345	+21352	+21338	+21290	+21354	+21358	+00031	
+01212	+21434	+21326	+21343	+21350	+21336	+21288	+21351	+21357	+00031	
+01213	+21436	+21329	+21345	+21351	+21337	+21290	+21352	+21358	+00031	
+01214	+21435	+21326	+21344	+21350	+21335	+21289	+21350	+21357	+00031	
+01215	+21437	+21327	+21345	+21351	+21337	+21291	+21351	+21358	+00031	
+01216	+21436	+21327	+21345	+21352	+21336	+21291	+21351	+21358	+00031	
+01217	+21436	+21328	+21344	+21352	+21337	+21289	+21351	+21357	+00031	
+01218	+21435	+21328	+21345	+21352	+21336	+21289	+21351	+21357	+00031	
+01219	+21434	+21327	+21345	+21352	+21338	+21289	+21350	+21357	+00031	
+01220	+21435	+21327	+21344	+21353	+21337	+21290	+21352	+21357	+00031	
+01221	+21434	+21327	+21341	+21352	+21335	+21288	+21351	+21357	+00031	
+01222	+21435	+21327	+21345	+21352	+21338	+21290	+21352	+21360	+00031	
+01223	+21433	+21326	+21344	+21351	+21335	+21288	+21349	+21356	+00031	
+01224	+21435	+21326	+21345	+21352	+21339	+21289	+21352	+21357	+00031	
+01225	+21434	+21327	+21344	+21351	+21336	+21289	+21351	+21357	+00031	
+01226	+21435	+21327	+21345	+21351	+21337	+21289	+21352	+21357	+00031	
+01227	+21436	+21328	+21345	+21353	+21337	+21288	+21351	+21359	+00031	
+01228	+21435	+21327	+21345	+21351	+21336	+21290	+21351	+21358	+00031	
+01229	+21435	+21328	+21346	+21353	+21338	+21290	+21351	+21358	+00031	
+01230	+21434	+21326	+21345	+21351	+21337	+21290	+21350	+21356	+00031	
+01231	+21436	+21329	+21345	+21353	+21337	+21291	+21353	+21358	+00031	
+01232	+21433	+21327	+21343	+21352	+21337	+21289	+21349	+21356	+00031	
+01233	+21437	+21328	+21346	+21352	+21337	+21290	+21351	+21357	+00031	
+01234	+21436	+21328	+21344	+21352	+21336	+21291	+21351	+21357	+00031	
+01235	+21435	+21328	+21344	+21353	+21335	+21291	+21351	+21357	+00031	
+01236	+21435	+21327	+21344	+21351	+21337	+21290	+21351	+21356	+00031	
+01237	+21436	+21328	+21344	+21353	+21337	+21289	+21350	+21358	+00031	
+01238	+21436	+21328	+21345	+21353	+21336	+21291	+21352	+21357	+00031	
+01239	+21433	+21326	+21342	+21353	+21336	+21290	+21349	+21357	+00031	
+01240	+21437	+21329	+21345	+21354	+21336	+21290	+21351	+21357	+00031	
+01241	+21434	+21327	+21342	+21352	+21337	+21289	+21350	+21356	+00031	
+01242	+21435	+21328	+21345	+21352	+21338	+21290	+21352	+21357	+00031	
+01243	+21435	+21327	+21344	+21350	+21336	+21290	+21351	+21358	+00031	
+01244	+21434	+21329	+21346	+21354	+21338	+21289	+21352	+21358	+00031	
+01245	+21435	+21327	+21344	+21352	+21335	+21290	+21350	+21356	+00031	
+01246	+21435	+21328	+21343	+21352	+21339	+21288	+21352	+21358	+00031	
+01247	+21435	+21327	+21345	+21352	+21338	+21289	+21352	+21356	+00031	
+01248	+21435	+21328	+21344	+21352	+21337	+21289	+21351	+21358	+00031	
+01249	+21437	+21329	+21346	+21352	+21337	+21291	+21351	+21360	+00031	
+01250	+21435	+21327	+21343	+21351	+21337	+21290	+21351	+21358	+00031	
+01251	+21435	+21328	+21344	+21353	+21339	+21291	+21352	+21357	+00031	
+01252	+21434	+21326	+21344	+21352	+21336	+21289	+21351	+21355	+00031	
+01253	+21435	+21328	+21345	+21352	+21336	+21290	+21353	+21359	+00031	
+01254	+21434	+21327	+21343	+21352	+21335	+21288	+21351	+21358	+00031	
+01255	+21434	+21328	+21345	+21353	+21337	+21289	+21353	+21356	+00031	
+01256	+21435	+21327	+21345	+21352	+21336	+21290	+21351	+21357	+00031	
+01257	+21435	+21326	+21343	+21351	+21337	+21290	+21352	+21358	+00031	
+01258	+21436	+21327	+21345	+21352	+21336	+21291	+21352	+21358	+00031	
+01259	+21436	+21328	+21344	+21352	+21337	+21290	+21352	+21358	+00031	
+01260	+21436	+21327	+21345	+21353	+21337	+21290	+21353	+21358	+00031	
+01261	+21434	+21327	+21343	+21351	+21337	+21289	+21352	+21357	+00031	
+01262	+21436	+21327	+21345	+21352	+21339	+21289	+21352	+21357	+00031	
+01263	+21435	+21327	+21344	+21351	+21336	+21289	+21350	+21356	+00031	
+01264	+21436	+21327	+21343	+21352	+21336	+21291	+21351	+21358	+00031	
+01265	+21436	+21327	+21344	+21352	+21336	+21291	+21351	+21357	+00031	
+01266	+21433	+21326	+21345	+21352	+21337	+21288	+21351	+21358	+00031	
+01267	+21436	+21326	+21344	+21351	+21338	+21290	+21353	+21358	+00031	
+01268	+21435	+21326	+21344	+21351	+21339	+21290	+21351	+21359	+00031	
+01269	+21435	+21330	+21346	+21353	+21337	+21291	+21352	+21359	+00031	
+01270	+21435	+21326	+21344	+21351	+21337	+21288	+21351	+21359	+00031	
+01271	+21436	+21327	+21345	+21353	+21339	+21290	+21352	+21358	+00031	
+01272	+21435	+21327	+21344	+21350	+21338	+21288	+21352	+21357	+00031	
+01273	+21437	+21329	+21343	+21354	+21337	+21290	+21353	+21357	+00031	
+01274	+21434	+21329	+21344	+21351	+21336	+21289	+21352	+21357	+00031	
+01275	+21435	+21326	+21345	+21351	+21338	+21290	+21352	+21357	+00031	
+01276	+21436	+21326	+21345	+21353	+21337	+21290	+21353	+21357	+00031	
+01277	+21434	+21326	+21345	+21351	+21336	+21289	+21353	+21358	+00030	
+01278	+21436	+21327	+21346	+21350	+21338	+21292	+21353	+21359	+00030	
+01279	+21434	+21328	+21345	+21351	+21337	+21290	+21350	+21355	+00030	
+01280	+21438	+21328	+21346	+21352	+21337	+21290	+21350	+21360	+00031	
+01281	+21434	+21326	+21344	+21352	+21336	+21289	+21351	+21358	+00031	
+01282	+21437	+21327	+21344	+21351	+21337	+21291	+21352	+21358	+00031	
+01283	+21436	+21326	+21344	+21352	+21337	+21289	+21351	+21357	+00031	
+01284	+21436	+21328	+21344	+21353	+21337	+21290	+21351	+21357	+00031	
+01285	+21436	+21327	+21344	+21353	+21337	+21290	+21352	+21357	+00031	
+01286	+21435	+21328	+21345	+21351	+21338	+21289	+21351	+21358	+00031	
+01287	+21437	+21328	+21345	+21354	+21339	+21291	+21352	+21356	+00031	
+01288	+21436	+21327	+21343	+21352	+21337	+21289	+21350	+21356	+00031	
+01289	+21435	+21328	+21345	+21353	+21336	+21290	+21352	+21358	+00031	
+01290	+21435	+21327	+21343	+21351	+21335	+21289	+21350	+21358	+00031	
+01291	+21435	+21328	+21344	+21353	+21336	+21290	+21352	+21357	+00031	
+01292	+21435	+21328	+21345	+21350	+21337	+21290	+21350	+21357	+00031	
+01293	+21436	+21327	+21346	+21354	+21336	+21291	+21351	+21359	+00031	
+01294	+21435	+21326	+21345	+21350	+21339	+21290	+21353	+21358	+00031	
+01295	+21435	+21329	+21343	+21351	+21336	+21290	+21349	+21357	+00031	
+01296	+21434	+21326	+21344	+21352	+21336	+21289	+21351	+21358	+00031	
+01297	+21435	+21327	+21343	+21350	+21337	+21289	+21350	+21358	+00031	
+01298	+21437	+21328	+21345	+21351	+21338	+21291	+21351	+21359	+00031	
+01299	+21434	+21327	+21342	+21352	+21336	+21290	+21352	+21357	+00031	
+01300	+21435	+21327	+21344	+21352	+21338	+21289	+21352	+21358	+00031	
+01301	+21435	+21326	+21345	+21353	+21337	+21290	+21352	+21356	+00031	
+01302	+21435	+21328	+21344	+21352	+21336	+21291	+21352	+21358	+00031	
+01303	+21435	+21327	+21345	+21352	+21336	+21289	+21351	+21358	+00031	
+01304	+21436	+21327	+21343	+21353	+21336	+21290	+21351	+21358	+00031	
